866270038239707136
866962221049552896
868674554427838464
865946860363501568
868371018645217280
864530412827291648
866196374576140289
866123186575998976
865195386973147137
864705824538492928
866307380052611072
867659061642182656
866868452820230144
865422382445379585
866683610929049600
865931048408018946
867249789083242496
866219305297473536
864467972273958912
865591492613734400
869044426651430912
867037773030506496
867792532687777792
865628763312185344
865180153093120001
866166413651738625
869149173366628353
869436617886375936
866222700091408384
864469722150182914
864822715345117184
868812433888088064
864512370814668800
864708768998621184
865162708257320960
867384981009555456
868897666578698240
864493355782340609
867038323595911168
866870885545762816
870238352800440320
866224466237325312
866870002846019584
866318446027517957
866880077157543937
864541038756716544
865220508328931329
868162252481810432
865252091505201152
866157864666238976
864901078487363584
864642486274203648
864727059075125248
866098465297715201
869853975696130048
866261306915074048
864535547326459906
866245355389673473
866190095279300608
867076100702302208
868682502562611200
864524153621286912
867122807913668608
864837571154726913
865156791289729024
865879254910808064
865248688162996224
865392206135218176
866136212570079232
867336914449379329
866228126396887040
864683429618630656
865175310484033536
864899016168841216
864868141129768960
866246128093634560
866208398030884864
864684428752277505
865884550328700928
866079396104425472
865787890734743552
866228175893868544
868843749966835712
864760166272692225
867311844054241280
865037634296397825
864479304113152001
866271907875872769
867240293971763200
868692253266595840
867385502726582274
867323009685753860
864673798993432579
867344965017321472
865933052534456320
865596148140179457
866560915101032448
865530551955931140
865630326487269376
865059879114997760
868715876173795328
865849530461298688
866902922314907648
866254761116536833
868162073729130496
864859448233398272
867123534778294272
866097900719226880
866166237423951876
866167584114257920
866181809834512384
865188122090364930
864736090871087105
864498600931278850
868339102512406528
868868516694249472
865086317377445889
869020847507468288
865159786618400768
866252761310081025
867124382149337088
867386591483973633
866983712495460352
865828133915705345
869213874079313920
866231759511449601
865247999064199168
864848539674914817
866165653685899264
865944754718072832
866597921541816324
866690239254982656
868383655760211968
864864987768012801
867640846501502976
865620785691373569
864631424514752512
867951826020126721
866086286628708354
864650045450223617
866486339021279240
866208138936143872
864527056985612288
867344897086373889
866214802837733376
864730393110511616
866228841425117184
869008293829779456
865550186570858499
865210192346046466
864686023145537536
870135142999773185
866490104965148673
868453351775551489
864495699932655616
870212567138004992
866252629654908928
864772707581296640
866586012469805056
864465275156140032
868452957737668609
867346352606281730
866250352433053696
865297776967524352
866271549988507648
864686012982624258
866143596419977216
864553313030868992
864893897834496000
866214999215161345
865761314832084992
868509103596883969
866584218041597952
867124205506224128
864465045543059456
865096323535704065
868653904975626240
864865348230627328
868674433841549312
867752851778318336
865616780626075649
864690746158309376
865455289092395008
864569321523093504
865127380997754880
867905921602768896
866565893890785280
865797897387986944
865254592233197568
869851497944686595
866122747184910337
865197714568433664
864462358889938945
864712339659948032
868643887329329152
867312218597203968
864467499877883904
868847197655314433
867436638263275531
868630244260970496
864617083568574466
868123852290654209
868164813901488129
867572477324648448
865403463995334656
864465111322419201
865948689281495043
868124534469087233
868656032121315328
868129451351179266
864729961021755393
864820666675019776
866189621008318464
864435135252385792
864467942582439936
866237745017921536
867077504569417728
866323815609094145
869867498904092673
865387554144747520
865933579045527554
865158252341977089
866219156814917632
864502438530875392
866195021162319872
868147649131577344
864703210757533696
865231808685801472
865111842682810368
867574030991331329
864512776378605569
866079866776469504
866218378578583552
867572342368735233
867344757814550528
864682006176645120
864473016280809472
864788938363457536
865533197387415554
866868607350951936
867079500495978499
869095753347715072
864432558699925504
866208204513882113
866087114122907650
865950647786422272
864868268049408000
868056865585979392
869782340960231425
868399425709899780
865528717363224576
867389560367583232
865104064874520576
864433309832667136
864809410400595975
864553392487706624
864434940183797760
866191971798405120
869365017220595712
868334945466368004
866344238287470592
865911180275089409
865723128122671104
868676084186976257
868827198123376640
867432179932028928
864491367967465472
868692167207911424
865761796963151872
867123512661692417
868863553511448576
866431879209201667
867573241707147264
868721201040035840
865931467095891968
866784084042842112
867802758220582912
866877557983121408
864542224096382976
865387703746961408
868471975349551104
866292900761653248
865432346518061056
867513064714797056
868691524762169344
867355109855985664
866913428815790080
868676226415812609
866273124941262848
866048670369796096
864468312381677568
864760137399009280
865840958293688321
864449074476568577
866261579075072000
864577289652023296
869851520283549700
867973832061079554
866261925247688706
864446160622297088
866683366682144768
864444490458824706
865568468959084545
868847856664403968
864797792497057792
865483429692940292
865530963836653572
865596382673084416
867573997562671104
866329385300893696
864446323428339712
864726225297723392
866048251694338049
866234144472301568
869527968955191297
866588518633455616
866295666649202688
864855934455164928
865594090431201280
864798102351466496
865219005715324931
866957423084523520
869578434246299650
864954279571976193
864619967806701568
865620714291777537
864699057985515520
865765320941641728
868523759442866176
865246196968771584
865179984272347137
865169141522587648
864735987183763457
865538244217233408
866652186058555393
864907448582144000
868195432576434176
864789844077268996
865061436078161922
866962191370637314
865880386659897344
866333045229584389
867123443711520768
866568707975385089
866131036563922944
865723140432953348
867274432536076288
865474906061852677
866295100623794176
867052039406104576
868050657676341248
866098068415954944
867382819026350080
865180024013373444
867215577399603200
866128752907923458
866182537420341249
865829418308063232
866081599498199040
866717549777387520
866979375329271809
865159709480845312
866144228891541506
864505882134106112
866514558407630849
868831211728257025
867337224659976196
866246386844434432
868896044674887680
868811159742406656
866869685727490049
868323513714614272
866107656771182595
866645056849154048
864465342143356928
868103582830051331
868643848502747136
864775084048871428
866236812628459521
867438436273319939
865466181955665922
865423011356200960
865575274347417600
864545111342018563
865933546938093571
865631018140680192
866669004320112640
865087364720246784
866195346287931392
866102550843600896
865878593901080576
864468461426270208
866076376432037889
867573616438894592
867572320163987457
864471943772344320
864859580727250950
864730410688950273
864710227756806144
866121312229392384
864872263325294592
868316913075707904
865937098678972416
865570812161433600
864520032994430978
864686230973292544
866855621961887744
866227423888551936
864739307025829888
867385593612951552
865105754478399488
864874903224365058
868643311535276032
866102926951026688
867384551705849857
869148151256682497
866505795566960640
867679763212750850
864879157515231232
864547937040334852
868835649687764997
868083451127189504
866666856073003009
866346710100045824
865141503605313537
865868255201722369
865510890379948035
869562038506274816
867069524847329280
865408183694639104
869001390147895296
865736395515678721
864854967563292672
865897059114782721
866167598706298880
866109164862414853
864499087369961474
868071867306749952
864569683449716737
865723172750073857
866868416606588928
867754810975461376
869401591316529153
868687226925875200
866610271141363713
864542278551044098
869007969387720704
865402481710309380
864683780233089024
864650824831598592
867124255863046144
866131398201159684
866460981894889473
865948717777645570
869531631853248514
864726926878834689
866228199377842176
867217727143804929
866717380197531648
867382379563843584
866125642106109952
866717488813293568
868445465993519104
868818852662083584
865588011022659584
868485734256201728
864719176774160387
866347179463409665
864657164102582274
865939518947446784
866154721140105216
866976389135831040
864878969128050690
865105906639306752
865117821289680896
866104641334804480
864465128787505153
864683859027173376
865630302613364736
864892753460645888
866242028434186240
868819819285671936
868509170290401280
864925746246164481
867573835800993792
864654807801483264
867760876874596352
865891818860199937
864543841159962624
864512130212651009
866294643192934403
868854274775801856
865084266413248512
867057228624404481
864875974382321664
867281443365441537
865939807821643777
865211784059174912
869130461427228672
864898863462834180
865331626733187073
867589148693147649
865795159233097728
867572674356281345
866245486809939968
866288278470893568
866585988977512448
864433593040424961
864788081702043650
865155224721346560
865205920330006528
865193794395877376
865487783804100608
868687930646118401
864810851592810497
868896342252425216
864446559999668224
865105691790393344
864570720877109248
866249892091396097
868315813324959744
868629303755452417
865537694134226944
865034054067826688
866594616375750656
864531371657580544
866597617488285696
868599617427873792
866582563665567744
865266336674533377
865152072001441792
868274998116528128
870277397311922176
865550549101420548
865412031121309697
868025071016624128
866081069426065408
866088716745400320
866279775698124801
864497359581007872
868819105205411841
864855966289993729
865935098700541952
864650107614056448
864868531703353344
869145008842063873
866344193219743744
864693150115168256
864673660472315910
867253429378334720
865470573371039744
866273548209332224
865800333137760256
868122934488948736
868316839423746048
866647790662946816
865250951665393668
864625956526448640
866484511751643136
865591321876201472
868449923657850880
865069203547578368
866600285023686656
867311865118023680
864512519360172033
864730677807374336
864867105665110016
867123280204976129
865454029064687616
867648793965199360
866690733243289604
865990914392571904
866866901858648065
869163725265051648
865025930611359744
865629466663337985
866585008642727937
867123417673289728
868485718120607744
865992587550666752
868163426979393537
865933690274062336
867383527368798208
866960670247596032
865465269799362561
868818948980125696
867037031561666560
865809796649205760
864887042823651329
864723940228440065
867391668978319360
865244090102710273
865468680615845888
865387384547889153
864797713845694464
866944499418890241
864848091547041792
864440996888813568
864735634182684672
866869698633371649
867657381206908928
864855935843479553
865422370743271424
865198915955548164
866123270088781828
864467891663634435
868819253742514176
867610055322906624
867395402747609089
865157100246323202
866205002049626112
867549332345561088
865896707535536128
864449358967820288
866604795376812034
864442672597131266
868630185591132160
866253373447827456
865630551922704385
868436384197091328
869507653923459075
868020909021437952
864692087568048128
865930454947553280
864794518591229952
868866761931669504
864693186865676288
866192642220085248
864692067695341568
864463614740230145
869189298301444096
865827274460987392
867336807603515393
866208540012158978
864735674800324608
867654900905385984
869008079156805632
867573598298542080
864868655443718144
865497465637576705
867013113626886144
868896308819611648
866484586376683521
867572599164997632
866271224044941312
864883274312822784
864881189861052416
867367953490210820
868671505344983040
868678307012894720
866276410389741569
866976249813577728
869760881030287360
864785231315963906
868637137058619392
865088614203408384
864837485750349824
866877324926623745
867381940231454721
868834042224852992
866862487651667968
866662260990758914
869046755978993665
868509039285608448
867972535563853824
864648765382287360
866201439252738048
867830152432152576
864898438294626305
864639490316353537
864434375684915201
868896116649209856
866874646280286208
869826242228498433
866488376907755520
869188919660756992
868733224582828032
868686488799657984
866485355763159040
866982689894805505
867384811937292292
864505879390859265
866681796272029696
868368398295515138
866346730467598336
864890241517314049
869832206365057024
866871071919587331
865127527731286016
866245311286607872
864465367716044803
865135412477558784
868158193712615424
867013082664411137
866797742726819840
864449687675297792
868797975807447040
864716779892899841
864720444460384256
864796355037933568
864866824634081280
870238452536795137
866651894109790208
867271875025444864
864736069014528000
864884353418919936
866594032323100673
867375923288354816
864865422633578497
866249254657966084
867696706015473664
865596447210651648
865996855447920640
866198263027740672
865911483124908036
869733803949936640
864825107813937152
866484285305364482
869768355497951232
868759689235898368
866596427157393411
866195306211356672
864864442466553856
866961992061419520
865935134461009921
866156714395017216
868774031486570499
865186040507543553
867077607908556800
867387648935067649
864505340393607169
866597050581962752
866243943586856960
864840429736304640
869156498273845248
866717524515094529
866606192143020032
866797785353465858
866204628869763074
865188072593305606
866783553228603399
864467001741332484
867697112179331072
866511880654913536
866952784536518656
865879819720024064
868077079392378881
868797954638860289
867383294953795584
865931379011231749
866671537121873922
864467910236000257
864542132551405568
866721437192671232
866676896607510528
865138429889302528
865161451828281344
865464371337547776
864437174820904960
865531042421121024
866891948136833024
864751439586906112
866540085566521346
866060919612112896
864469765330546691
866227589823643648
868960566651564032
865704824104525828
864682560001118208
864819695773523968
866081678678216704
869475641892196352
865530791735853057
866085272546574336
866652169092685824
867906357042851840
869826191301238784
865897669130170368
868393248741634048
864501502705979393
867573448163414016
864465693814775808
865210053158154240
868455748162007046
865156837066330112
869851671186112512
868095065641635840
864465156964831232
864467487425007617
865429784217526272
867037152516898816
868087979910344704
866145501590167552
868642397239910402
868676618377728001
867124421336739840
867573538051567616
866246438740611077
866175894670516224
864465418685222912
864499537829916672
867226074522038274
864866745617723392
869068376332791809
866203566494568448
866651894969548800
864444470837862400
866272056589070337
864686252951339008
864449335811035136
868087237744918528
866514610605752320
865159155967041536
863840202443378689
864444814569484289
865251950710759424
864499716364525574
868033547436670977
867614403557969920
865933746591199232
866588971668832256
865252901874159617
867124217212481537
866246503509016576
866151993009680384
865464835231760384
867218051342770184
865935445590409216
868167874413809665
866730228378357760
865582686353489920
864830410102067200
870277871281074176
864450388086448128
867429827892170753
865490913664958466
868599676882178049
866080999792312320
864468406380187649
868734552306528256
864534000915951616
864526889452490752
866889464529903616
867994995998904321
864808694097133568
865937593170624512
865159190834237440
866681341689180160
866227353881518080
864718598027190272
864523918325035008
869159077598773248
864747355001700352
867718585640259584
865197781916372994
869365078096699392
865104266112978944
866594673003028480
867549444299870208
864680626539999232
865245097658425344
867077629530079232
864541530135986176
866167668625289216
864529122709708800
864716655565385728
866123209753718784
866114190775373828
869768727725723648
864654795617034241
866260168316567552
866192909594488832
866098046882295809
869937859322462209
864899042412830720
864467954666266625
867385634159296513
868894849050738688
864674240833957888
864434914476871680
865157578845827072
869859049596227586
867383409802452993
867580547438186496
864868629854257153
864848085498941441
865198986214297601
864790818040815616
868123499516248064
869902883776593920
867387620736851974
866555824772087808
868167946295791618
869734420265041926
868759895109193728
866505912953040896
868654890771513344
866681912978542592
866679992389738496
869976667690737664
866204749808496644
866241506214002689
864551228973367296
869768314100236288
870061068500054016
865498430080040962
864701159138705408
867124317175394305
864810679739351040
864625976399081473
866666381135286274
866290914465128448
867549564856750080
866652564862902272
869400952310304769
864446198891126785
867357789940613120
865038294844792832
867614422948134912
864499090322628610
866981350183641088
865097091365863424
865806213187088384
866950491871232000
868302595969961984
869517674258321408
869768627389693952
868456301214523392
866325000860692480
866647807003963392
864883993543671808
867516999643136000
866081742725279745
866747980304568323
865195226830434305
864681968583061505
864754008178556929
864690692240457728
864900791957569536
865523071045705729
865390852864065536
868523682464911361
866136782752055296
864451705735442432
865247509349847040
868819359627718656
864797658963169280
869435603112402944
866273848018124801
866797316216369153
866281632357130242
865495073743486976
867033580391854080
867061341005262848
866503867965607936
864440155863748609
865537704049627138
870277353343025153
866199942007631872
866690003178582017
864491692262432769
865765558280519681
869351206455451648
865818256707174400
864764237498994688
864534545605033984
867389289054691328
868818766251139072
865252854377750528
864465001259696128
864563907242754048
866193987769479168
866084133247873025
867614493420867584
869470504385753088
869373040206983172
866317993667690496
865267748733042688
864481797740036096
864516630495113216
865936024136019969
867216601124405248
867387944524492800
864859941785481216
868370991810043905
864859353253371904
864504179275866114
867124361748152323
865895383645298689
867083220768174081
864518983831228416
866082850163933184
865408201784782848
864902442235965440
865897124185165824
865189771252973568
865388439864266754
865180370366472192
866651985000505353
866525201412042753
866216450687508480
866245651213852672
866594586906554370
869742734231322624
864701103232999429
867079350155436032
864490927963942914
869768687552679937
867322275766427648
866211373424021504
864443802077081604
868671095716462592
869007641753899009
865932714054209542
865988933036892160
866292501786890241
867385871078752256
865804121193857024
864614800239755267
865157150850641920
869525099136856064
869768715528577024
865880380045279234
866271785087639552
867573775038132228
865194202774241281
868774217810137088
868370976517521408
866243806085005313
864500045860700161
864465379762032640
868656359369134080
866681900827643908
867384555992494080
868090788701511680
865158463839711232
866284303415623682
867344675736244224
866509235135410177
866097908587810816
865609554930704385
866870766851153920
868795793687232512
867001978726998017
865833304989290496
868113658584469504
865261843199270912
864501410506854400
869052720874790912
864702763246133248
866288101533995008
866232050524672002
865187802077700096
864802696766902272
866908646076055552
867678899492147200
866516484599754752
864507334705283072
869098211356680192
864673260390105089
866681497599827976
868643730718314496
865889833620779008
867641384605372417
867699003869220864
865066148139683840
865835669737820160
864738857236914178
865230079441477632
868065266076446721
865012789705940992
866245772047790081
868822608778756097
864856398433099776
864512610292465665
864885879403302912
866876804379930624
865931356005584896
864674212727881731
868438929036509184
865597275229134848
869171460568469504
866192712705253377
864500241319514113
866869113867558912
864462813183356929
864504674413629440
868813666673676288
869637807853117440
869768172378791937
866307285240369156
867355662652776450
865940326770520065
864690926173569024
868103918252810241
866256717582970880
866153643141156865
867323010507780096
869473408702132224
870191493704687617
864683286848733184
868251980589694976
868124433789014016
866158504331051008
867017360514756608
866242840023584768
868701291488399360
870188615833444352
866830163882893313
865833361201385472
866235588315197440
864443425562796032
869007584321208320
865181450836029440
869767732681732096
864488815531966465
866191827015057408
869637686402744320
865157562773143553
866223669756006401
864735462602096640
866295299395989505
866868913170030592
867650899367182336
866227171399843841
864466819243028481
866597671011745792
866293369131196416
864667464843628545
867383127714521089
866192594077745152
866485897759383552
864610034830819328
866964217592561664
865587908811644928
869453041388224514
866651715092852737
868069174198779905
864867100338278400
865598345783455744
866186581379514368
865617461797806080
865398751694925824
865986993133461505
865501233062100993
864495465231986688
864541528122769408
865252283805704192
864868582768996352
864674131677204482
865948239786160128
866081402512564224
869852063819120641
869372323815710720
866249353651920901
869467826649792513
866100075017240577
866277721223159809
866141368208564225
864542327724847104
866485820110372864
864470069845348352
869527175116058626
867312126637088769
865031388541706242
866340252847398912
866608772277469184
865618820206964736
864465594611105792
866085122638000133
864758857708572672
864465430727077888
864435922452045824
867473798265675776
864467923951386624
865596163881304066
868818990633799680
865818958326226944
865940079688032256
866193462533566468
867383548105433088
865217211094278144
866599719153291264
865391927411200002
866797296134094850
866869886328463361
865186407651856389
865038245700149252
864695884751163393
867385402767757312
865403014697205762
865793558514683904
868682693063700481
865466952671576065
866164184647700480
866682034038743040
865180080204521472
864907471021682688
866270632790675457
868479068760457221
866867703297957888
864793892570492928
868691202509590528
866128839763673088
864889407446372352
867516862933999617
866477462439460864
865620669815324672
865188785847279616
865907681281757184
864473363762233344
865903790591029248
864468374037942274
865046970389245952
865490085902376960
865159007694012416
866588435162595328
864542341717250049
864451417293107200
868049845701017600
869475594857308160
866861729359294465
866201749266219009
868819496940830720
866484311054143488
868508948780916736
865897737975463936
866976361797349376
864533686137495553
869518574225944577
866125749995974656
865139426623672320
867123577476263936
865795022817460225
864468426475089921
868866669736636416
864440936159465473
864712969795624961
865495687311392768
866164644204990465
867311941009780737
867331552740614144
864507478536355840
864459005997064192
864487901949825024
869158849034371072
864441354142838784
869826228949221377
867296826440810496
866261112496332801
868478845644455940
865463845266923520
864527250351325184
868172173826850816
869940859957121024
866690201032249344
866578532117258240
866869430533275648
868822624767528966
869007926668787714
866866857415917569
867276268500164608
864502498211622913
864467515782701056
866198541483491328
864726813645438976
866347744583077889
864873235384369152
868896158436950017
865391498489090048
868642968739209216
865591688688934913
864441815897952257
869507770650947584
864730224809971712
865978311964491776
865061105478938625
866869003482013696
866064114958946304
869767675106308096
866167637734289410
864746925815246850
867813431340134401
866091328358285312
865929704641105921
865803699993550850
865509691605999620
865831110952992768
864465307280297985
869768458010935297
869159238383185920
868050008641351680
864468002896572417
865218030887817216
865233504912592896
864435665525714946
864467685001834496
866085392671547392
867549453112168448
868805582110822401
866729117290557440
865016644715917314
866665357158658048
864467699774230528
864467626017345540
868147682711265280
865061090421465089
864481884880871424
868952727652626436
865180212090163200
868671585133240321
869768210987577345
866235500511866881
867636094694719488
868691498052853761
865154790837280769
866717395775180800
866596559160586240
868167016925995008
865034912566345728
864514825992327168
866192621185638401
868660469082574848
865157218265595904
864468495064498176
867965467125661696
864432976536506369
865454755044139009
866855971364126720
866650724368658432
864819805332938752
866093954164342785
867573557919875072
865930221048016896
866220118514257920
864870498512928773
864443905907073028
864802333259124736
867015390630735872
866651910362681344
868348930903298048
867873114419539968
865056256247173121
868896455368507392
865939700627853313
866585926918578176
865832878235676672
865808884975386625
865920573053878272
866896057854308352
864502230862278656
865460387000471555
865180060117905408
864465253660282880
868822379371175941
864540730936541185
866669714520625152
865963374814912512
864864512502939648
866167764670664704
866864679532023809
864489649552719872
864542439889154048
867995337922723840
865237270164418560
868518469326843905
866580479474110464
866346718757089280
869768399814967297
864456238716923904
865805925113778176
864868491425394690
866868007120674816
864869222031249408
864527997025439744
869874193155883008
864434032972529665
865488260545499136
868818899172810752
865511356996345856
866195550995070976
868163670685097984
864682693954609153
868642583345364993
864468593664286720
864898909969063936
868645578758074368
866717562247069696
864886182240546816
867552510747299840
864723058766032896
864436149468704768
864542416682070017
869940257311129600
864468916415975424
865465834776387586
866647745758736386
866681277356924928
866536447393669122
867384448463118339
866691231656497152
865566017505906688
870052101510057985
866088363157102592
866648179755888640
866176648722268160
866146104840146945
865161355858501632
868643519983833088
866221518279364610
866271566069477377
868373238987882496
866889196320956416
870277915510001668
868166437055209473
865029513406693377
866192343916879872
866140680535650304
866979566581100544
868523357339238400
866651010386800640
865260891448590336
864747309497696261
864514692877660161
865528184766210048
865988753797468160
866136880307417088
868641894699483136
868020855002996736
869162515434881024
866333498361118720
865640225866895360
864909404981911553
866693029901475841
869515301729300480
869967839188221952
868674268090990592
865937056752599040
865029707380674560
864527287156436992
865180479640682496
870176666156400640
866540140256047104
866728108514304002
866850194679267328
865897168573517824
864465138149142528
866651294668279808
866670950472876032
867400676627947524
867771864298516480
865036601654624265
864443152207368193
865490549905608704
867927264452763648
868819053598695425
868770212262416385
865180279744241664
866127945533804546
866188541570801664
868742847645839360
867377158112464898
864840459784380417
866997973758169088
865975428229550080
867905574003986432
864527899566764032
864874886384189440
864830311909265408
867386618243690496
866585070135459840
867574056027119616
867617822838448128
866219143359496192
866903612592705536
865908573905330177
865417728261111808
864778100193845248
866651056150728705
864730584790298625
865466635435491328
867382348442025985
866905362007560192
866259236962971650
864867903023271938
864840546879242240
865598502738571265
864445640784437248
864541547718520832
868770251231694848
865537918319837185
868523789687996417
864547704453705728
865199619210268672
866194594878312448
866509163026944000
864925605300666368
869067899864068096
866213139200712705
864823862986330114
866650828517457922
865186477638000640
870177172098514944
866197445562204160
866281840746823682
866097979819556864
865457641979494400
866857400128688129
868163171009286145
865618288809697280
865159260816146432
864708918282465280
869449052303130624
865833425650896897
868063507421515777
866307134518165504
869826216857145344
866082685458018307
864519700008587265
864798094352928768
866167615449964544
866273480962187265
866238450344882176
865205611893358592
864736007572279296
866861833193496576
866585877555720193
867824281291554816
864648134139490307
864615059120672768
865588435611824129
866865444996743168
865621211010678784
868827734302113793
864470236350861312
866192727129571330
866483937014562816
866689038379503616
868336266009493504
869768184651329536
867124310103687168
869475853062856704
866644127668199424
864939776323051524
868829749421850624
864465671064887296
866279714238984192
867383742918164480
866167730747183109
864480124187668480
867423080062255104
866594725171691520
867387867621990400
864453810743148546
866243345357484034
865158842094501888
865180230788370432
865983588164136962
864905598508216320
865827297370275840
866100768058863616
866168789917990912
867079466933243905
866893075116957696
868896171137302528
866254924031475712
867315135265726464
864503103948640258
868074755265613824
865648166552485888
866083552416477184
867790876440801281
864568081552506880
865186384755138560
866871455841046528
866784014778204160
865487150430605313
866327802731126784
864503141026250753
869047291025408004
866974862199455744
866191530616266752
867386836959866885
866509304370786304
867344940287774721
867573714388484096
864730508663676928
865593393388306435
866875185999343616
865269066491076608
864465706028552192
865830085328199680
865621524996173824
867963039785533440
866220017851019265
866136852759269376
865801921575002112
864888782587273217
865497658290348032
864466408159293441
866662217508323332
866228754795941888
864874958421467137
864859257619046401
864857044536381441
864467536750022656
867123307535060992
866236133910368256
867078968993820673
866087358634090497
866248410076205056
865387373705691137
867387260374843392
864433184381038592
867030858137350144
867928416879878144
864502227309907968
865178503108481024
865850500402499584
868089836670005249
866231267833954304
866084690939084800
867517391311433728
864817326595555328
865770828998164481
865391486270980098
866956008563761154
865069493948628992
864468057342832642
865178489162354688
866080072444203008
865636222139473921
866330025641078785
868894862879404033
866941063553929217
864714940543713280
865620270966480896
865470676353794049
867037506583265280
864718772128665604
865930247723786240
866081731740393472
867573664325271552
868868423714983936
867123490247389185
866079867753857024
866076363333156864
866133335315283968
866191547183767553
864733319937667072
868730826699272194
866129761550057473
866329910285127680
866088040225284098
864498718594281472
866485634990567424
866511601721126913
868819008711254018
867123358441377792
866220231084998657
866670765546119168
866233988267917312
866125471003676673
868656111041359874
866096948687888384
866125608463585282
868641749752729600
866588464573145088
870191526009229312
866101980384509952
865826293778075648
865845625153355776
864846156014268416
869152555527426048
869475766551052289
866853413748912128
865390473338208257
865618814918049792
866245271000199168
868810640886050816
864522915261415425
866098161558765572
868676826847219712
865173864388583424
865505021042900993
865497368203976704
865090637980254208
866869516831080448
866234187333992448
866870319784513537
869191640346271744
866203277494333440
864606678301511680
866097949989720064
864685996264218624
864952663372443650
866519562463961090
864793763729874944
865897046108254208
864523169033474048
866282497243570177
866866803703545856
865936320736219136
864642336097058816
866860381406248960
864864946273660928
867382356415569920
865903103052206080
867219294257655808
866153883780792320
868787124211994624
866648252480966657
865042941626023936
867430460254801920
866216431892824064
864443141822308352
867387043764207616
865844744940699648
868599870533255168
867512011927801856
866000189793763328
866983427643510784
867253811873820672
865490932841369600
864868345539174400
865892251280396292
867906302869155845
867484801800040452
868742893133058049
867764634744492033
866870613192753152
868359074630344704
865226386339909632
867954226500177920
864449843347038208
866963971831717888
865213442264776705
864617162656423936
866889390924087297
865933227739017217
868177488450437120
864490358595477504
866869614109761536
865877861168668672
865467314006667268
867219209805209600
864465165269577728
865217602901073921
869518522623381504
866983515363172352
865941974150332416
865892165343363074
867748261833998338
866271884895301632
865621195307098112
866872866922532864
864435986692014080
864554947744083968
867641364292313088
865488710128738304
865128834361769984
864864418487607296
866485475225337858
864768241343713280
867312176645668864
867422460169375744
865879174459920388
866191553215176705
865797969173458944
869527134020173824
864739290630246400
864524062709690368
866962276846374912
867994941447745538
866283570691624964
865579796666884096
865180097866645504
866081759213092864
865530239694155777
865472047383584771
866167796450947072
866199685769306112
864631476154884096
864464990648098816
864685401998594048
866327227394170880
867311891152084992
864441277307334656
866167856664375296
865965715186167808
867039492821012480
866652706206760961
865934625700536320
866652645942902785
866243910909034498
867289204450918400
864730199237308420
866488849844719616
864533882527526916
866714098762891264
865060004331761665
864524194469617664
865896946648612864
865822898879168512
868833981122334720
866883296730460161
869188952241995776
866246464082649091
869198160287150080
865797916526596096
868896321725501440
868642722244050944
870060715142414341
866920637717250048
868029065084588032
866136830781075456
867015543785738241
865799741950513153
869351228504850432
866082610560327681
868452992172904448
865896576635596800
864925955890053124
865252194601189377
864466364735651841
866176458888052736
866047962698395649
868031230088024064
865124608336199681
868437845639176192
866892945596841984
869476074425659392
864727190931374080
868469487741407232
869851914510360577
865592969264365568
868439918854500353
866681584518299648
865098609993187328
865162536009826304
864898969012514821
865837647675052032
864738877734436864
867385398649118720
867253371027296257
866870111046483968
864798130545491969
864524639229366273
868122736068931584
867413654680907776
867210731820691457
867069210840645632
867124350243262464
865026368731533313
866097990276046848
867574103741517824
864851262868602880
864869476067667970
866140802501791745
866257123898007552
869078221006004225
869154637227732993
869152393748860928
864466445442457600
866631987074924545
869773833531572224
867572124705325056
866125493145415680
866869914606288896
867549321750749184
869515373166592001
864456064166744064
866088223054987264
865253094661144584
864439516496629763
865252953254281217
866186594012856320
866094309572988928
866345524861042688
869392091230740481
864730445195476992
864451339572715520
864498511634722816
869181601653157888
866651237877301248
865160292698906624
865879574437122048
865988967757262848
868033531783426048
868396894774378497
865390428127768576
864798186887577601
864451228993847296
864446519960899584
868650938906628102
867079394468253696
864466375712092160
868367566611267585
864465468320600065
864465391824850944
867078822595891202
865162245722042368
869007848252092416
864868597612544001
866115521539911680
864467522946510848
866144136868511744
866664471695151105
866868407068614656
866560242972274688
867573875403616257
865251745340850176
865170115481948162
865129044140072961
869792811763118080
867124103320395781
868090644987879425
864467981534982144
865419632571588608
865790506617507840
866097557914529793
864568145318748160
868165533119660032
866197971246907392
865971233141121024
869851648339853317
866111327252697088
865988658767122432
866689780389601281
867549296412868608
864533873216172032
865843938883584000
866870935239839744
867123168112148480
866231619056619520
868691381023330305
865933554378825728
866243889887289344
864488828509102080
866525596016365571
864709354574032896
866516200645414912
865847262148141057
869401423619907585
864735911774306305
866284003103395840
865810223700860928
865931116313796609
868957264580939778
866141187752808448
864760094730465280
869836244913664000
866920708378509312
865387996685623296
865941375858212864
870219076752334850
867386621938847745
865429387272781824
866131610978181129
864438557699706880
865220004068839425
868896142330867712
864696891992408065
866681466373251073
866224743548018688
864681956058910722
866543371921358848
864468028230172672
866650899602485248
869053029256790017
866540171046432768
865157087202037761
865412447213035521
865932953075019777
866093691714260992
865497636719087617
866647766281445376
864884437397381120
867124331968704512
869138030971559936
866213417652068352
865856860569485312
865618449778696194
868122181124841473
866869725657145344
869514316583776257
868848459037773824
866085371997818881
866578590204256258
867316152455888898
866504098631360512
866681888337014790
864551127013965824
866870524743270400
864437768679821312
868819150323556352
865455207907344384
865310509624475648
864859399164235781
867549666732265476
867428986296651777
868438244626583553
865144002009366528
867528708529295360
864702805319098369
867289189389221888
864468291292725250
865538271165636610
866094344234610688
865828593791664129
869209002625736704
868020804025434114
866587790091452416
866797163119919104
864756329839083520
869020643429363712
867622127360516097
866913417872891904
866961710544023554
866578549443973121
867427411838873600
864438818614771713
867956630188576768
867807677702852608
866558154661920768
865624232050348033
865793563992272897
866167880676552704
865539509101907968
867663740405260288
865253181151780864
866491506915454976
866079958992658432
864859234592337921
864441394592714752
867312205825495041
866687756038270976
866681421271887872
865492951698251776
866486429429387264
864749712825626624
866867414457229318
864876779223212032
866115758169903104
865685232384716800
865545268430725121
866311111540432898
866560890430119936
866976158465871873
868755157231816704
866192807563755521
865142635467493376
866345809113042944
869234748886888448
867336747272740865
865784742720831489
866663276117204996
865211073170821120
867123065053999104
866214724731404288
865880849094508545
865896718163955712
867199592902864896
866194774365175809
867572697013923840
864465633429344256
865941289518235648
868720953131487232
866294937029152773
866869014513037312
868335994520522753
864537488882253824
864959424506540032
866291986487169024
869156626699177984
865636303412449280
866666632860491776
865252872572649472
869156606499364865
864796341238730753
864769578840096769
867384736641110017
869498630402707458
866275096855547904
866865916419522560
866860401597661184
867123394478825472
866519084850192384
866264480392630273
866246746778853377
866294465782317056
865934947848212480
866097650310930432
866208478427324417
865967507051470848
864466429407633414
866235509911293954
866193372301606912
865598201784553472
865070242975723520
865621225040510976
866635965225422850
866889116872343552
865090987818835969
866084854231904256
868674416196157440
864610156947963906
866982698417614848
867037020337700864
868816545446641664
865948497282908161
864465683098337280
866514623192870912
864867132122836998
865174197009436672
864699342254419968
865545508726620161
865946495396306944
866870064863227904
864828238018863105
866084713256976384
866865262347206657
866246121089245184
865193889141051394
865179805947379712
864884998247198725
866650854970974212
866374569019318272
868509004565065728
864886804591390721
866868582566809604
864848067371126784
866131722009804800
864742679296569345
868725761536008192
866167800200605696
867039446167830528
866671076335652866
864465454949171200
866228035103707137
867572458257305600
864467596372041729
864545181843857408
867389424425869312
866323796982210560
868642381838524416
865515057853022215
867573518900367360
864836277971169280
865229518096789504
866870570377334784
866668485593747457
867311912467525632
866318943870496768
864906076029820928
864683398207389696
866090780787703808
866329839640485888
864807475521794048
868671019740835840
866167496277098497
868810741171843072
866343004558290946
864892480029769728
867431825211129860
866177549143076865
864819086475374592
868722254661599232
868164831328841731
865995843312025600
864642774569582592
869067272266162176
866243829409628160
865621322226819076
867124193166491649
868113817905090560
866080066165284866
865478223240454144
868248802410541057
866248367856246784
868676561461018624
869772741670346752
867801228029206528
865648240888168448
866228766804254720
868065331368960001
866652593405124608
868652827257778176
868897647972712448
865152759208849408
867572213846822912
867387558275280898
866892848972652548
865975632722874371
864465620003434497
866097872852336640
866262542594781186
864894555274924032
864500459289141249
868645808018788352
869070399845400576
866111653393432576
869964585695981568
864503063121244162
866853189995429893
864536451689697283
866670905648455682
866191750158729216
865157041802891264
869851408316497921
869852300193308672
865531949695115266
865489276221374464
865892272927264768
866694969519595520
865495626850500608
865464985425592320
865951733276590080
864468814381150208
865932407719043072
868770838346158080
866670723091357696
865423042201108480
867686584342249473
864505799988592641
865096040793419777
868090698922430464
864831427636064257
868165097994108929
864481129100963840
866983771475759104
866643163037011968
867573478014107648
866920842558439424
866999961262727169
866268290137686020
868081916305690626
865479698108764162
866652831972868096
864825009684041729
866085314758152192
865497678016151554
865879118386257920
864848050086449152
867640831733268480
866511616531202048
866511522977153026
868020842956857344
869563621608574976
865246963649753088
868894793098768385
865762564050780160
868025193368764416
865879400327380994
865761780848615424
864868386878173184
867316081135951873
864718786636783616
867186658155929600
868642607999721472
865095924309250048
864497771226726400
865535814293258240
866141076989640704
864617128464461825
868453311363657728
867311831391588352
867572566763941888
865937449352089600
866885121798021121
865620646050406400
866868650518745088
865069644876464128
864652088332214274
865475799931015168
867614365289074690
865186626309193728
868656163436548097
866867617688043521
864844981634297856
865422331140755459
867811016008007680
866692042562224129
865746452047417344
865157118365769728
865246702743068672
868897623423537152
865525357465575425
864822402680840192
867355688594550784
870149842600734720
865084566532435968
866324467684868097
865837158145286144
866230202849939457
864465148962013184
865036219477966848
864686088316518400
865250991624470529
866484620702785537
866080462913056768
868077065823633410
868691232150761472
869189342694064130
864861418062925824
868365849622593536
869524567991177216
866694995692077057
867318051741593600
866484690382757889
866090064971001856
864542845503381504
864506671758008323
867024754968080390
865402510965526528
865157525636820993
867767288757354496
867322096652881921
866233594003324929
865618025302458369
866681860256129024
869976703413526528
865868241347895296
866873263846289408
864730718353711104
867013103157903360
865598923255271424
866122764880560131
866249354767618048
869453562677309440
864688640869511168
867387942125187077
868896058797150213
869020871620481025
868403547121102848
866525196584443904
865273579725770752
867215526480818176
866195696910716928
864466519245410304
866658253282955265
866729755067994112
867573731190878208
865944240609570816
866098082127069184
869452798965841920
864744403155464193
865480153266176005
865525289782091777
864828342096113664
865030830942507008
865157180013633536
865156855143833600
864695080065609728
868113450530156545
868960653184294913
868105610381869056
866501640010047488
865234441790160896
864879443038265344
867643354749689857
869034405205086208
866594756079562752
866609830311731200
869940382058106880
864868363780198405
865846762661171200
864875205163753472
867971110494543872
868453304379912192
867388893536169986
865157201933086720
868411053515747328
867655759915491332
867210163375099904
866084113719074818
866650961837555713
865951711763890176
866144753489911809
866097717310767104
866202038857682946
865952977424572417
866342413962432512
866280176447098880
865937050738020354
864449717593362433
869634401830748160
865933253735309312
868677298492461057
864453730359328768
864925914701889536
866176058088980481
866995239499833344
867650786339110912
864858923169435648
866340399790432256
868393295688466432
867042337742041088
869473494102364160
869452586486714368
865900674399301632
869902930299822082
864465032138117121
864797737509933057
866227811530551298
866578574874075137
865985261351469056
864625624870133761
867523463648555008
864685980892020736
865251642068697090
865958310976999426
865898444296253440
864730700880203781
865468217594060800
869874644173676544
868077025499762688
865620261541789696
868494125842128898
865833377970237440
866606258647818240
865071121871257600
866783587391164417
866273388150616065
864763236549144576
865181098250317826
865771012402495488
868454539803770880
866084173496422400
867123211477057541
864451823666462720
869850163631804417
865382514604601345
867795771176792064
869475679565484032
864868614763159552
865488475574779909
868059898830913536
866869451223777281
866196828429008897
867573968550719489
864797629888245760
869734371695116288
865946988503760896
864901322448879616
869074223637057536
865851293843181569
868020924460580865
864937210214326277
865989174226149376
864886332824342528
865723756894990340
864879001143091200
868641989159297024
867386090138640385
864447698824548356
866868506893180928
865846920312348672
866330472556711941
867079436486815744
864465658918166528
867375769525157888
866349105538371584
866193815064858624
866293346347741184
868509014040104960
868173369954500610
866594368538501120
867009748700467201
864456216696807426
867219413031727104
866167676560736256
870176323989385217
865786383830351874
865103271186354177
865805208269463552
866196866911883265
865802374018879488
865090267774197764
866084247832068098
868164316394082305
866783495808569346
866504047137783808
867355089853452288
865998931963936769
866293282325876737
864763391348424706
868691343434018817
866085365597310976
865174834124210176
864729924543930368
866870148724019200
866146086041378817
868451323594776576
864887684824788993
868773875571732480
865254016577544192
864898982522232832
866103104428621824
864438800742834176
865917905082372097
866178399886331904
865613990285766656
866097792837603329
867387996898832384
864436131349368832
866865288964218880
869396035260620801
865069612861280257
867549387009826817
864522928670552064
868387078295498752
864717753667682305
866278094776262656
864467568203108354
866295154394767360
868440494967107585
865447219834404867
867218450132992001
866243856756465664
864526027376152576
865223192163401728
864868779292938240
866681542600511488
868896977895006208
868770319720468481
865366960434954240
864872801248792576
865823922062671872
867239953247416320
867382815394062338
864631389555232773
864518815421542401
869473384131948545
868143064946155520
866983601187020800
865525372057559043
867973771004493824
867696795349958656
867573903979417600
864859318558044160
865256146524815360
866513950397083650
870191484128997377
866596411986464768
864445788562178048
864939891494457344
867079574995292160
864698308987670528
865839772782153728
866333493550297088
864533357895577601
867384574707470336
864444442622799872
864507556877787136
865368107325550593
866681823363026944
864472415337816066
864447889355022336
868546586267267072
868437615631974400
866212917946884097
866212166919045120
866273405586337792
864873221421547524
866245670063230976
867550059130347520
866085332386594817
865089349351636992
865937273229115394
866216505125588992
864443453467500544
865185830419038208
864782990684987392
868678298808848384
865104193870331904
864614748528287745
868655944762347521
868484968342851584
866136651101331456
867351033277669376
869007387818172420
864886171913961472
867686168342802432
865189777473118208
868691358214705152
866652578146168832
865621442737561600
864860436314734592
866484263075454976
866082979319341056
867549428529233920
868691321967476736
869081439031054337
866123040374927362
864465220730843137
864432749943435266
864809526524039169
866835447833653250
866294024247943168
868702054390411264
867369182702129152
867123557431746570
867248750808494080
869187955700621313
866081815622283265
866868469056327680
868677090593443840
864505909476810752
864465100735991809
864465405246570496
865581321644527617
868818624231985154
866925934355599360
866164587627982848
866084153686724608
866152740023676928
864465443075084288
864869724185907205
869157348484501504
864614702286065664
865929289274982400
868722029700145152
864835647797841920
866620950791553025
866257014615179265
865047281325678592
864545143801643008
868844134135672832
869514729978572800
869874139481468928
866096689026703361
864892554604453888
864697194854723584
864874556707811328
866271483580035072
864888781878546432
865723021495066624
865412983278759936
866252419595771904
864886984308817920
866671591060647936
868896473357983744
865900618682183680
869782361143222272
865614589307834369
864449089353785344
867664747168243712
865180042413735937
865832280559890432
865315955714523137
865179835735302150
866158226097569792
864831628618506241
865211920852303872
865168152497274881
868275664545251328
866662177943453696
868455706059563009
869452696654200832
867661992055771137
868160393125937152
867367951116021760
865575638601740288
867383834333130752
866356243459227650
868812508974501888
869179532846264320
866220342829735936
865175253080838145
866903519252664320
864541818519601152
868774150780932096
868046524357455872
866300936502870016
866288683925872640
866192832666750976
868656327048015873
866192677104082944
865833316938899456
865988664869789697
864495861488689152
865818685176373250
867979131408994304
864662248807157761
869764503830896641
865937131189002240
865512662209183747
867572652449435648
868143061267750912
866975155704127488
864434444274475008
866935248352882688
866872837260365825
867573341175119872
864433506591674368
868103381969063936
866342588370038791
866594642703286276
864868422957531136
866485769023737856
866485420305022976
870105121752981504
864866781600415745
867021663862378496
865477623266156548
867344815368699908
867312192265367553
866082423544492032
868492688638828544
864880482751844352
866252465490071552
866870983927275520
867382978720268288
868274853337600001
869409206855532544
865951024434954240
864462428570099712
866242319455895553
865318007517593601
866139110783713280
866137030392197121
864618428962922496
866196830576676865
866123247464710144
865429999477706753
864673879352111104
864500889448398849
868150951353495552
865889173722415104
865468050463535104
866127552997236736
864465747493494786
865248308121546754
867124374985465861
866081779689672705
864505919551524864
865090312280068096
865033941408817152
866847836247347200
869049115199414272
865783280888676352
866681243097849856
864647696996597760
864577314805252096
866509200695984128
867124281980985344
869144986381565952
868630802917195776
869515408008761344
866431415029825536
868639175494443009
867045451685605380
864688374270918656
865218567054123008
864730498635091969
866206929240109056
867384313230249988
865452459002445825
864467046037422080
864693137242857472
865820915430440964
867788635289997313
866195187088883712
866245559471947776
866192821178388481
864809341802737664
864848476429045763
864541477699022848
865387830075310080
865457479395622912
864725183919214593
865953255397801984
864618374382460928
866263439269797890
866195770084544512
866869334173405184
869055095949860864
869007623802191873
866849287363215360
864794044299444225
864468624769261569
865938054694883330
866178194097004544
864507622501883904
867123185405353984
864816294318755840
864884312428208128
869852247529738244
864447711147433984
865550526171172864
866249864065064961
864816264442773504
865458618321182720
865092663678251008
865197798924337152
866648234684542976
866868976676216832
868014518244343808
866650902635061248
864673757243244545
866700789229776896
864465356550754304
869513332801380353
864445999728783360
864439805786165249
865115116672618497
865159698005282816
866907168985014273
864456257935212544
864868565576552448
867389258306375680
869529373472432128
867312029589221376
865233663251816449
867429846888177665
869540802782875648
868671106424512512
867549945649221633
866974674361749504
864619670028115968
866554688656637952
866890798629101568
866516305112944641
865928432697442304
867321901651292160
866594534800674816
864532926641430529
864900296887066624
864543755982041089
865179942841077764
867460590633185281
864532569727000576
867763355024592896
866970649796988928
866300817367814144
866097271267409920
865181407332769792
864445230841552897
866969982453903360
864500922017132544
867549368219336704
866920355209850880
866239934159613952
864792100130275328
864436508547264513
864436517011415040
866869970054946820
866048263304118272
868274908480012288
865993961361424384
864502628704817152
866144588746039296
864730322390351872
866500450748555264
868418468135096320
866123279781724161
866516258396790784
864810386373001216
867344642311806976
864804682287415298
864501063172358146
868742955871481856
867389076717969408
865209948002799616
866192688894197761
864793879173885952
865858568251072512
867623327271182336
865157162397556736
865621150612705281
864793747594280961
866158882024042496
865483921948946432
865252149739094016
867392605201473536
865881351249162240
864735951951601664
867344604919508993
865224781192347648
869152665720168449
864542310926876672
866096156111196160
867281625406623745
864683553732403200
866300887148494850
866096644592357376
866211073342320640
864725792873381889
866208498157268992
869215220283064320
867572635756105728
864523323329331200
864448370785517568
865211867706269696
864551228964978688
864741986531717120
866512930740850688
866584809287569408
864886900372492288
869538250746204161
866093024958394369
865922989493190656
864686215286538240
864673865292795904
864456209121890306
866668262595153920
866460117859958784
866195291439026176
868819005330599936
869372807477694464
868389149073604609
864467527950368769
864446022499672064
867655449449037824
866295287496704000
865407104193933315
864519975683461120
866509068562771968
866216794960175104
864739548978438144
868864831217991684
867078917940809729
865631003410288640
869538104008470528
864886390818865153
864898906986958849
867794413027606528
866870489771163650
866194405379629057
865908742134669315
868354368042553344
867779765880705024
867517322872987649
865267614867759104
865617251549929473
864680543849398272
865203779523796992
865591502604554241
866485701931433984
865580252675932160
865933022134251521
865615989068767232
864864686562459649
865998549774868480
867790702637232128
865679968356909056
868642821061746690
864568746312171520
868817420709974020
864817602564046848
866123526494965760
865157137277882368
864432815148019712
864985198345289728
868896131727491072
866868854873444352
865104890519007232
865489305778626564
864748320681537536
868040769310937088
866190425807126528
865935952870600705
867572541430390784
865387895393206272
865478342941712385
867935977226022912
865532113856077825
865795553849769984
866102622142562304
865591527296217088
865078471965278208
868171534602387457
867872712613654528
866869659554926592
866365263486353409
865805283855024128
864848301866266625
865937702218223616
869402373835300868
869940241121120256
864437143908868096
865249615162990592
866636006321266689
864713115757195264
864542368384659457
867438441503629313
864545824830652416
865892224285855744
866979550739279873
866540124447752192
865897032401158144
866220365118177281
864730424442052608
864879226771603456
866252607781691392
865896740796469249
865181269344301056
866963852419903488
868387022003724289
866167785713528833
866206584128589824
864465730120671232
867573577528299520
864848262011944960
864567617759182848
866597652724580352
867386834841722880
865935561407832064
867397770893774852
864507023077113856
865905547266199552
865115127565230080
864543816207843328
868646010138112000
866681449935761410
865054754501779456
865413174228549632
868418649517809664
864456138540167169
866865334132789249
864762721031434241
866597626535452672
864650604626534400
865053814444875777
866941049888849921
867628254844207105
870061543249121285
867385967308677120
865086303993450496
865475570892627969
864433500774072322
869518917856833536
865471752742223872
867186642913808385
866460046707875840
864446733652299777
865857693583527937
868655143209672704
864868453743820800
865933619017199616
866093857850740736
866329971794612229
865884536458104832
866340423769374720
864881217660833792
867344843848142848
865929210681999360
865787221017632769
865063518067982336
865788728475648000
865226740544806913
864885621898199040
867217672584314880
864794485015756800
865466903606710272
864869521051361280
866868844945711104
865607469703344128
866192657898389504
866263942611386369
867311983367946240
866186993612574720
867215468712644608
866210433564254209
867355808362790912
866123045433475072
865821207140024324
865471269612863488
864468341901201408
864498767172685824
865188210929844224
866099194741661696
866079972133191681
867558781932232705
866155609682345984
865467137871052801
867053541377978374
865897657012805632
867775051273252864
867382217084895232
864467715821588480
864800696138420224
864868949933957120
866690206283575300
865186081003769856
865389142359719936
866146380208717826
868804964608507904
865138418107506688
866485480635768833
866149769374085120
866086184895733760
868676491256766465
866891999936483328
865203173916585986
866516138750029824
864537268173717505
865158761026957313
866869380356886528
866155112741216257
866870649720938496
866111849187749889
865826882880778241
864685953486430208
868472952294998017
866670860169613312
866651825260216321
868274923118223361
867573644817563648
865162086095224832
865194076454498304
869470962571288578
864788964548464640
870295174936748037
867573370786861056
864085425312452608
866123632787042304
866226796009734145
868676329406951424
864446279211859968
869218851560357888
866892011214970880
866870196975280128
867386160259182592
866263276887330816
866647647343529984
865229375540781056
865835219944824835
864538288648065024
869452307959750656
866650963356110853
865227003892441088
867209804829171712
865188272607174658
866880080789856256
868113410273280000
867311800357986306
869781256602628096
865585162062450688
866214249437159424
865621246297362432
866198073252474880
866681923783053312
866147339987075072
866975112981078016
866154325935923201
867427843910713344
866122907071770625
865026311219183616
866197114509864960
867927231968018432
866157916528582657
866721381974589440
868642655718129664
866868734635454464
868472946427183104
868676641719025669
865057248980029442
869562911294803968
864872532196732928
867256007977820161
866294510027976704
868162252649762818
868840288000913410
868732282110001152
869768078275600384
865202645140516866
867386011436929029
864794951489536001
867549469721501700
866123029671292929
864864499412615168
864551294245064704
865387717349093376
865620592044539904
864619708514844672
865723265012162560
868157573727346688
867756916310556672
864705541389467649
864731309830062081
864673828257050624
865246816647892993
868717527068581888
869895312961400833
864504226965110784
866652541920043008
866275477886869504
867951486050762753
867572501311885312
865474790655614979
867051475805110272
865386116358168577
865410997967704065
869066048053669888
868676466728468480
868160351677759488
869527158720483328
867387560166916097
869514744780161024
866525591390101505
865451429422481409
866868499590688768
866048692532498434
864444468723949569
864680735000612864
868040725111291905
864868996906078213
864721290732744704
864553291379822592
864753898908598273
867664813480185856
864869206940160001
866195277677559808
865630525280600064
865011956813398016
865157712493121536
867604141996212224
868750004189450240
865825410927403008
864436783030947840
866903651125792768
866083428332036097
866185477333942274
864465331573620736
866079922183208962
866650788596031488
868822482920374272
866691287042240512
868122154772029441
868641465693597696
868090807693324288
866098413493919744
866094324886364160
867071802295582720
865037656962379776
868508594915860482
864684719069421568
868466349772865536
867246052600156160
864457069306445824
866222028541579264
866621159659405312
865187775284465665
866236214684209153
866085249540870145
864499877929201664
867699162166341632
864848482452086784
865160648300351488
866995132805066753
867383247528919040
867696638030000128
866095787167563776
865879799662882816
864501438960910336
866293112766902272
866221864355454977
866087454763122688
868648903935131649
870117608489717760
866652604356476928
866141318506049538
869008317183664128
867389238894931968
866261915202453504
868122836845473797
864433288223621121
866220177557524480
867738886885187588
866080060586905601
868121952988221441
867253564535648257
866470694275731460
864886909788717056
866516173336309760
864841850435158016
869767951028592641
865943062945579009
868077388596297728
868896427132547072
864758868148199424
865617990758219776
866514651634335745
865810664224432129
866287854158102528
866273053860388865
865193824230002688
866150067509510144
869768089654534144
865985568097746944
867311775359918080
869189053282885632
866347014329466880
869851719697444864
868302195648864256
866689851449647104
865932551189352448
868455804441161728
864448174886445056
864713299950133248
866682134966284288
866581507267334144
868123407728091137
867648985057685505
867385645756448768
865937521791954944
865034968157700097
866048324457164802
866906786275745794
864742761370669057
864465238816694272
867209815591854080
868122704435568640
866938490268696576
865247980194078720
865497602795552768
866603628068347904
864866211913318400
866137058611515393
865816632907538433
866699002598883328
868645621993017345
869422626082508800
865055954412462080
864437717714731009
866003306258223104
864507273892122624
866260016231096320
865723702171840513
864448158050516992
864730103149977600
868040782732599296
868896247029133313
864866624393814017
866976013552668672
864492959462326272
864650455409938432
867552541453807616
865158973162307584
866123141164216324
868676506058403840
869007097689776129
864464085005598721
866212117577322496
864434325533622272
867573925101928448
866329936264658944
865150765408690176
864815473589800961
865226374050496512
867573945574318081
867021617934630912
864568845461209089
866584984550637568
868124515716354049
868455722023100416
865915784614359041
866181654439751680
864500014881624065
866194925800628224
865591046067044353
865466896388313088
866123258009137152
865795614478450688
865141313393618945
866245310795984896
865055978768781312
864830536723902466
864681930838507520
864649738821435392
865814081437093888
866513554773602304
865211238208249858
868065327250382848
864445617132761090
865000034818899972
865253167037992965
864899001828741121
865914094594867200
870213407336787968
866081568875581440
865931527342960641
864792122435682304
866983294235283456
867238586579652608
864725783742480384
866190957066113025
867375753544867841
868162090619596800
864443164450574336
866870851647324160
864542171327864833
868288297558196224
866218366427701248
864468515587313664
867039360721580032
869187994372128768
865797280225312768
865953922460123136
867516865282805761
869453450576252928
865609531841171456
864479255790469120
868701068561186817
864462393564200960
866089772724256768
864784302713831424
864465068523749376
864468221918928897
866126186090438656
868822806783545345
867225851812773889
867311970093060097
865141861945491456
866092971221037056
865630180772945921
864505709253218304
868691444739059716
866680601574649856
867039335287103488
868033384789884928
866006321342164993
865847922507657216
865140298841808897
864505787011485696
869003704183083008
865212104529240064
866319486382505984
869850726507450368
864864654849318912
867372439575158784
864439626697715712
868742870311817217
864730014759124993
865159140360036352
865162156374929408
869767938219270144
869947670860881925
869467937547137024
867973856824143873
866484296630120448
869533549946220544
866514578036989952
866860958903357440
867386468477620226
864691971176124416
868637686055276544
866208410014031872
864825135206891520
865878468432502785
865618008630153216
865498025526874113
864464966472151041
864820249270644742
866080395099557888
866048181754376192
869562063789608961
865158828660330496
866651005093466112
866300865019248641
869851537496875009
864444651767566336
868843196700401664
866300754012786689
866082366078558208
864498177621282819
864848018390036480
864447940181577729
869612211064512512
866679456185950208
865987528674877440
866484397926526977
867123345946443777
864859325172416514
866717412648812544
864468895054401537
865988678832668673
865210234943426563
865184780513456132
864828184038170624
864859561362157568
867413700629549056
867249795815047168
864456180890030080
865449108940627969
866195325995888640
865252102322376704
866509109859942400
864453297955979265
866870718641745921
864513324356182017
865273490999353349
866192631901978624
867297304021147649
869768061934387200
864989323665563648
864456024031449089
865489247968477185
865904693670809600
864542148451909632
868123443224469504
864925879641702400
868167932593020929
865189041179840512
866329878362238976
864465644389117952
867037032761114624
865091035180875777
865927041954099200
867298284229976064
864481895236620288
870026491458985984
868655159420780545
865936399396085761
866123081651302401
866979789390966787
864683448723570689
864692051337633792
866164671321165824
865880292279468032
868714855389437952
866098029845135360
864717792771289089
866158935513976834
866114447814819841
868835564207853569
869768030703599616
864465079093391360
864886969154899968
867218637001809920
866855036961292289
866141257474691072
870243044217339905
869402449697587200
864465718548586496
864867955414368256
866514680390483969
867671890709663744
865460896998367233
867388638589587456
868702261970481152
868123098406572032
869152608040099840
866220465286545410
868020874124734464
865532066615525376
865936102451851264
864446780896931840
866219841983840257
864443883597561861
866220743293587457
868113689454530560
865179960406822912
869018423316987904
867625652530413569
867220471934222336
864648174488760320
867313436782407680
870168646181568512
865058445229215744
866466285785194496
867688581875343361
869055114090237952
867573679558938624
866845705821966336
866921875779321856
865029810283622400
866121253446221824
864868435267911680
866230503875035136
868822732481241088
865965901186727937
865595325439987712
865897202987782144
868122421072613378
866221233406431232
866098694457876482
868847876834590722
865933036155752448
867650629707079680
868455826943598592
868050341715161091
865798746893950976
868818860325187584
865026421948854275
869053463304339456
867503441714835456
864538546367025152
866484638046236672
864468117522665472
866090318533447681
864499021540470784
864818969328406528
866000603385700352
865255939791663104
864434000563195904
866084931700699136
864785903126028290
868275865536397312
866243790348075008
864435245814349824
864776042069622784
865723632055705600
870146632972632064
866970708198531074
866585797654265856
867573854046228480
864827510126718978
864908125958062081
867008089001775104
868647489443942404
866849607778742277
866147403337875456
866087877444337668
868896192096325632
867699431054995457
866670525686403072
866226983163764736
864884084715212801
865199524662321155
866333077009821697
865172405571825664
864916104124157952
865260659101118464
867654198921482240
866211794045476865
865888753474260992
864806582407708672
867015604527669249
866597690318213120
866095121808240640
866089882472591361
869300321041866752
865965083305943045
866155628397383680
869189552132546561
865600608295731200
865408788446060545
864841871293423616
867573425753251841
867598764747374592
864810520418729984
864435214285778944
866950969434755073
864465294663831552
864499497111629825
867037997497073664
867447764396892160
865248199069622272
864465173964353544
865997276597985281
864823907525722112
866484378620186625
864504750489731072
866889505361379328
864878894612086786
866650997921153025
865155231654363138
866271111876681729
864686335415664640
869532343198924800
867296595737530368
867549493708734464
867037523654135813
864886911047020545
867188497068679168
866088238951387137
867322527592394752
865814449973850112
868681973086117889
869563354460823552
866191266114961408
868059929520644097
864437254332194816
864456407231471618
866682892549619712
867383293364383744
864859279555256321
864886164951629824
864472923544756224
866685667794968577
864699026179997696
865251977755676672
868897692600193024
866086158559830016
865903654842257408
865387227001507840
865896702468861952
865464671284768768
866339817805754372
865992184998133760
866288095464873984
865883851939303425
864650647307735040
868691405337747466
866681878677422081
866048172262658049
869464489720070144
866502892408025089
865248183814955009
865948363291807744
865891673083179009
864468537972273152
865458384400666625
866651207888023553
867573269796401152
868818920869965824
870187219537072129
864507804425519105
865046510240645124
869826206304227328
864513055740354560
866195036429484032
867956934875521024
868508797555232768
865158670652289028
865088661343174660
869199196351414276
865975581141348352
867124396409974785
866691388498489344
867905282256637955
867256026055233536
865915601855934469
866123060717514752
865497357437108224
864825400618356736
865504319130312705
865089396864761856
865431681796259840
866149289822531584
866275523495899136
864468019271139328
865441444227465216
866906348981825536
866865359072018433
867549356135559168
867573696898248704
864467023249780736
868645509635985410
865132575102164992
864468484956270592
865994378644291584
864468242357792768
864465013372858369
864881157661315072
865259496528130049
865932842835992577
864836258312466432
865059945171046400
864465318097424384
868359055554641920
866082837346172928
870237937291735040
867905813893062656
864503249121890304
864448356034236416
867573500197916672
865597391080009729
870061885948928001
865803169284194304
867573406929235968
865456818360786945
864527367284432897
868691479337873408
865933517917761536
864444880042561536
866871153838575616
866302992085024768
866700808926228482
866156461222543360
864833721282711557
867549343049539584
866485674131677185
864884505458352128
868453195944742913
864544464068640768
865929833343143936
866228089549967361
865740990723768320
868639683777114114
864732705182949376
864730644521377794
865084278669029376
864433025152557056
868819707318722560
864848265170132992
864436536951148544
865099904766443520
865181281063059458
865273526172831744
865799874511605760
868656302888808448
865937336223358976
867572616512647168
865888816736948224
866760194474344454
865310690579316736
865156080011284481
864875909685190656
864820283315802113
865587541503864832
864868503261769732
865114943737126912
867548413662863360
866330419813330950
868812421359652865
866158775190900736
866868636429975552
864859642572267520
864512628353187840
865128448649445377
866867742799929344
866222764775972865
870050399214063616
866486478401961984
866867890489876484
865502014809055232
867422450820276225
865498404192796677
865105892877848578
866487023464402944
864527000022732801
868630159376744448
866249914040242176
866220150768455681
866868485309313027
866849263862468608
865226713973837824
865892204471910400
865897708011302913
866867792653410304
866525775981359104
865471276814524416
866911366107582464
866219169246715904
869471908751966209
866954450845319168
864536242179977216
864822714841800704
866561076124557312
864796768877383680
867042349142208513
865577429749780482
865029444116791297
867293856932388864
866204513442697218
864673767859081216
865807503560327168
864646954877423616
868643137639522304
866083821074231296
869163064720900096
866155080034246656
866145996752932864
865952157844951040
866097494073122816
868643068190138368
864880523075891201
868158519647784960
864797933337796608
866157881988714496
864434998161453056
868508724343656448
867686348546871296
866470678626791424
864720919989633024
865816052747325440
867069220814675968
865387462121496576
868719867708424193
864650762059743232
868657185408024585
866228242017112064
866585974175809539
865823393475579904
864840216518901760
866692363569246210
866211594702774272
866683727648129024
864674304985792512
865930289914281984
865629384111083521
864864833786728449
864504122975764480
867079684479209472
868302447550353409
865532044431863809
868686069050597376
865014393955901440
864859272601112577
866097885238013952
868957248504156161
865746480619032580
865465691637334016
867008106601033728
865525167052603392
868086151575371776
866653021186523138
865937461985333249
869386322502406145
864874541935407104
868301971303911425
867381950826205184
865532079332708352
864858482301964288
866164697527189504
865495485850599425
864867519114485760
864878911607459841
864485732865503232
864868735814963200
864868519510503424
866961425092050944
868430663896248320
865100600748498944
868819237514735616
865143919176163329
866652790939987968
867652258627858432
867079717916217344
865621467014193152
864467615095427072
864451051679760385
868676632000724992
864473384926588929
865387844923150336
869475507338981376
867367394523721733
868335976678014976
864994005100220418
866123289076404228
868479215494148096
865924094965026816
864467557503438848
866650994171551748
865901639038902272
866594687204954112
869852194689892352
864438532831670272
866098202734284800
867427441375051776
867387554525573121
864851646785888256
866084618218479620
864468331172159493
864698252641415169
864469300928761856
867662416942735361
865674736763797505
866096399556816896
865387681814945792
865599025889685504
866143869045362688
869068352190382080
865808240285589504
865988947565887490
864890473659478016
864869750081556480
866246452577787908
864777077035106305
865180172114214913
864499971638349825
867762525135306752
864681942586753024
867227637382606857
864856444255969280
869514334023634945
865570988905209856
867078684452290562
865249500956246016
864536881362501633
865461484758814722
866707428552785920
866129766021083137
864823990463811584
868676546143375360
864442704511606785
866485614845329409
868275601626595330
864491113041678337
867573813780918273
864859302422564864
868451643989348352
867344724872396800
866870088481296384
864511763588501504
865795057827315712
869507813642567680
865210400798900225
870238012113866753
864525924133466112
866084765073637377
865179657150226436
869851748348829696
868123116731473920
865461802242416640
865597219931430913
865764562192154625
864476276957954048
866279820434563072
865035259707965440
865226782299090945
864730738524119044
866902888718581760
867377505748910080
866140769056206848
865896968106774528
864782926541504513
869066950814703616
866248162259775488
865918788692082688
864441793831718912
864564045801693184
866236609297092612
867800569276014592
866192431527501825
868844304705433600
865138662727725056
866220639937589248
866075437063172098
866195421441347584
865936708558356481
867389124935909377
866219607119589377
868952749941166081
865213279873884164
865141444138455041
865636394005221380
866271305854791685
866091700103532544
866269851828068353
868399472048459777
865934117208064000
867787318014468096
866085373654454272
865604419278315520
864925548228857857
868691300501127168
865029625394503680
866681209044250625
864884539104960512
867298917481717760
868691166547628033
866540103706923009
866871239641505792
865908662518390784
865796650492506113
867124413472309249
866587486541279232
865186040633491457
866651882239909889
869189525423181824
866096377192865792
867038092279939073
866250407177105408
870217747132813312
868860107001483264
866083457746837504
867872673640087553
865186119129944064
867079409261531137
864892454700437505
868302306520989696
869072027801583616
867388615910969344
870213328253198337
865117722736250880
868514355574341634
866683460642947072
865199468362313728
866868440933343234
866685406971961344
866460972524781568
864466480703909889
864712138471882752
864875267893772288
866221479607676930
865939909898493952
867019556375719936
867007923783958532
865934389158584321
868702166201974784
864503059304464386
864676596711665664
870049272745480192
864763447371681793
865624557561839616
866870343247450114
867228761581899776
866273187432206338
865160915552960512
864833787989045249
866485604833345536
865057165006041089
868348922258833409
866729785552244736
865037678487650304
866300909890015236
866247456266301440
865658292261007360
865636331803754496
866307125307486209
865387492538634240
864457574871117824
864751083637354496
868818975731396609
866975008710635521
865028516487811075
867696677750099969
866085518999683074
866084954853257216
864505458123358210
865217214508523520
867572519787778048
865095009963528192
868819905977692162
868681378904264709
867549310379900929
869464501745209345
864848077114441728
864432525145518080
864746734039248896
868682219937726464
868819020279148545
868020783557128193
868086139470655488
869209638188625921
866913477943672832
870176569519738881
867791002496626689
866920431407837185
866189865624387584
868691463072305152
864787279973203968
864465386128977927
867572432919547905
867529422466953216
865983680497504257
866151272797405184
868631648346275841
866519191150407680
866252578505367553
866220105092542464
867079522029535233
864523873005563907
866211122587738112
865497465687912448
869226425131442176
865084527475032064
865903260418228225
867625824756871168
865911356288942080
865995475895189505
865935249615851520
869235571754848256
867344919723098112
866143817300234241
865598277315682304
864434535412453376
866868153174835200
865930281093447685
866683657213300736
864818626129534977
867014854690787328
865180405577547776
865933385344188418
865418773112606720
865909560254447618
867616732126613504
865409186997325825
867703481716682754
866256986765049856
866783511201669120
866154249725595648
866567815863574528
868274983822393344
865153476300595200
868449906679324672
866218590332231680
865229953327091713
864755190167027712
866302795414212609
865159845007196160
866228805035335680
865179569728479233
870149854009348096
864465609266012160
867215410663436289
866288570331525121
866679279437918208
866983063695372290
868252289043230720
868064990158360576
868643985320955904
867239785898934273
868654953983770624
865251288727945217
867351175577849857
864436805256478720
866345926855544832
864796684467011584
865249951718064129
864899018463334400
864818640880885761
869768237013020673
865629331426426885
868275650783825920
867400608428503040
866219682499579904
864446395700391936
865077296633442304
869734030954176512
867311926895927296
864468834526388224
864909522531270656
865231786472878080
866248459199934464
864868487143018496
867071813045686275
865591808633577473
866098043426291712
864674436632506369
865510846515953664
865932364790280192
864736463014854656
864775129515134976
866214310678233088
866501544476262400
866278117802954752
866327914496704512
864468045967872000
866882663054884864
867614477549682689
865904057512333313
869768277680988160
866143612039507968
864794061957410817
868864612527218689
868113480200724480
864435683703828480
864781704514240512
869518442491248640
864606590237908995
864496905685946369
864496855903748096
866163850248282112
869767832241938432
864546309163950080
865576137820426240
865888712831496192
869768018540101632
864817931665985536
866145964762865665
864823805360848897
869517701240246275
868302367644676096
868509023120703488
869518461315284993
866210069175717888
864513683824816129
866245291061719042
864468072316448768
866228097913323520
869076491866439680
864654978111221760
864683351940096003
868821315674923010
864567079453696000
866581489819033601
864434350091317248
866692071662395392
865966313151352832
866683767645126656
866272992325709824
864775868966621184
866595198322655232
869181642585374721
866594602140266497
865531912269422593
868081881727848448
864542393722425344
866087491874377728
864465183816777728
866145722390925312
866868989892452352
865246540931022848
866512894489448449
865409121264193537
866154212752621569
865158650897158152
867573755937161221
864755423529676800
866514700930084864
868123649236021252
864445242757574656
866121182822649856
868819214710263811
864730816680734720
865931828573519873
867385628329201664
