864705824538492928
864751083637354496
864530412827291648
864717792771289089
865195386973147137
865422382445379585
864467972273958912
865591492613734400
865628763312185344
865254592233197568
864708768998621184
864493355782340609
865432346518061056
865220508328931329
865765320941641728
864512519360172033
864541038756716544
864535547326459906
865492951698251776
864524153621286912
864837571154726913
865156791289729024
865248688162996224
865162708257320960
864542278551044098
864899016168841216
864868141129768960
864683859027173376
864464085005598721
864760166272692225
865034054067826688
865037634296397825
864479304113152001
865412983278759936
864901078487363584
864445999728783360
865387384547889153
865530551955931140
865255939791663104
864859448233398272
865217211094278144
865179942841077764
864736090871087105
864498600931278850
865086317377445889
865159786618400768
864848539674914817
864648134139490307
864864987768012801
865620785691373569
864650045450223617
864527056985612288
864701159138705408
864883993543671808
865550186570858499
865210192346046466
864465683098337280
864516630495113216
865297776967524352
864686012982624258
864893897834496000
864856398433099776
865761314832084992
864568145318748160
865495073743486976
864465045543059456
865096323535704065
864865348230627328
864690746158309376
865455289092395008
864569321523093504
864909404981911553
865197714568433664
864462358889938945
865158761026957313
864434535412453376
865620669815324672
865159007694012416
864729961021755393
864820666675019776
864435135252385792
865157218265595904
865387554144747520
865158252341977089
864502438530875392
864703210757533696
865231808685801472
864512776378605569
865530791735853057
864446559999668224
865640225866895360
864682006176645120
865533197387415554
865490549905608704
865180279744241664
864432558699925504
865466635435491328
865598561353842688
864465111322419201
865528717363224576
865104064874520576
864726225297723392
864553392487706624
864434940183797760
864529122709708800
865761796963151872
864542224096382976
865387703746961408
864490358595477504
864467023249780736
864631476154884096
864468312381677568
864760137399009280
865223192163401728
864466445442457600
864797792497057792
865483429692940292
865530963836653572
865596382673084416
864449687675297792
864446323428339712
864448174886445056
864855934455164928
864798102351466496
865071121871257600
864954279571976193
864619967806701568
865620714291777537
865179984272347137
865169141522587648
864735987183763457
865538244217233408
864907448582144000
864642486274203648
864890473659478016
864828238018863105
865723140432953348
864467596372041729
865474906061852677
865180024013373444
865253167037992965
864650107614056448
865159709480845312
864894555274924032
864744403155464193
864501502705979393
865087364720246784
864468461426270208
864498511634722816
864793747594280961
864471943772344320
864859580727250950
864447698824548356
864710227756806144
865211867706269696
865570812161433600
864520032994430978
864686230973292544
864739307025829888
865613990285766656
865026368731533313
864547937040334852
865629384111083521
865510890379948035
864892554604453888
865408183694639104
865736395515678721
864854967563292672
865723172750073857
864868531703353344
864502230862278656
865402481710309380
865452459002445825
865159260816146432
864726926878834689
865417728261111808
864859302422564864
864465173964353544
865588011022659584
864532569727000576
864542132551405568
864878969128050690
865105906639306752
865117821289680896
864500889448398849
865630302613364736
864892753460645888
864503141026250753
864925746246164481
864567079453696000
864654807801483264
864512130212651009
865084266413248512
864875974382321664
864730103149977600
864468341901201408
865211784059174912
864898863462834180
865331626733187073
865157162397556736
865229375540781056
865621246297362432
864788081702043650
865155224721346560
865205920330006528
865487783804100608
864810851592810497
864462813183356929
864570720877109248
864798094352928768
865537694134226944
864531371657580544
865078471965278208
865594090431201280
865152072001441792
865550549101420548
864507273892122624
864874903224365058
864497359581007872
864693150115168256
864673660472315910
865250951665393668
864625956526448640
864712339659948032
865591321876201472
865069203547578368
864831427636064257
864730677807374336
865454029064687616
865025930611359744
865629466663337985
864499021540470784
864841871293423616
864887042823651329
865244090102710273
865468680615845888
865596148140179457
864848091547041792
864855935843479553
865422370743271424
865198915955548164
864467891663634435
864433025152557056
864873940321095682
865157100246323202
864442672597131266
865173997066911746
865630551922704385
864859257619046401
864730738524119044
864693186865676288
865180153093120001
864735674800324608
864468331172159493
865497465637576705
864468916415975424
864883274312822784
864881189861052416
865088614203408384
865251977755676672
865217214508523520
864639490316353537
864434375684915201
864505879390859265
864439805786165249
864899018463334400
864890241517314049
864686023145537536
865127527731286016
865135412477558784
864716779892899841
864720444460384256
864866824634081280
865464671284768768
864884353418919936
864465318097424384
864727059075125248
864790818040815616
865175310484033536
864825107813937152
865545508726620161
865188122090364930
864864442466553856
864631424514752512
864840429736304640
865188072593305606
864495699932655616
864443453467500544
864449074476568577
865138429889302528
865464371337547776
864437174820904960
864751439586906112
864469765330546691
865423011356200960
864682560001118208
864536242179977216
864465693814775808
865210053158154240
864467487425007617
865429784217526272
865127380997754880
864465418685222912
865129044140072961
864463614740230145
864797737509933057
865066148139683840
864686252951339008
864449335811035136
864825135206891520
865186040507543553
864512610292465665
864731309830062081
865464835231760384
865582686353489920
864830410102067200
864499716364525574
864450388086448128
865490913664958466
864468406380187649
864526889452490752
864808694097133568
864718598027190272
864523918325035008
864747355001700352
864465001259696128
865197781916372994
864680626539999232
865245097658425344
864541530135986176
864888782587273217
865254016577544192
864899042412830720
865587908811644928
865252283805704192
864674240833957888
864434914476871680
865157578845827072
864435922452045824
864868629854257153
864848085498941441
865198986214297601
864762721031434241
864533686137495553
864712969795624961
864551228973367296
865498430080040962
864810679739351040
864495861488689152
864446198891126785
864906076029820928
865038294844792832
864465128787505153
864713115757195264
865189041179840512
864681968583061505
864754008178556929
864690692240457728
865390852864065536
864451705735442432
864448800089296896
864480124187668480
864524194469617664
864440155863748609
865593393388306435
864491692262432769
865765558280519681
864764237498994688
864534545605033984
865620270966480896
865252854377750528
864563907242754048
864859353253371904
864504179275866114
864499537829916672
865408201784782848
865189771252973568
865388439864266754
865180370366472192
864898969012514821
864851262868602880
864701103232999429
864553291379822592
865387996685623296
864614800239755267
865157150850641920
865194202774241281
864500045860700161
865251687933526016
865609554930704385
865090987818835969
865261843199270912
864836277971169280
865187802077700096
864802696766902272
864465620003434497
864507334705283072
864848050086449152
864738857236914178
865230079441477632
865012789705940992
864885879403302912
864674212727881731
865597275229134848
865598923255271424
864500241319514113
865053814444875777
865179657150226436
864858923169435648
865620261541789696
864683286848733184
864708847683817472
864443425562796032
864488815531966465
865447219834404867
864872801248792576
864518815421542401
864466819243028481
864610034830819328
865181281063059458
864867100338278400
865598345783455744
865617461797806080
864495465231986688
864868582768996352
864693137242857472
864541477699022848
864504750489731072
865550526171172864
864542327724847104
864470069845348352
865031388541706242
864532926641430529
865618820206964736
864465594611105792
864501063172358146
864467923951386624
865596163881304066
865267614867759104
865615989068767232
865621524996173824
865038245700149252
864435986692014080
865466952671576065
864439516496629763
865180080204521472
864907471021682688
865054754501779456
864793892570492928
864889407446372352
865188785847279616
864473363762233344
864468374037942274
865046970389245952
865490085902376960
865029810283622400
864542341717250049
864451417293107200
864680735000612864
865139426623672320
864468426475089921
864440936159465473
865495687311392768
865575274347417600
864507478536355840
864487901949825024
864568845461209089
864867105665110016
865463845266923520
864527250351325184
864866745617723392
864763447371681793
864502498211622913
864859561362157568
865391498489090048
865591688688934913
864441815897952257
865061105478938625
864746925815246850
864434000563195904
865600608295731200
864465307280297985
864785903126028290
865233504912592896
864435665525714946
864467685001834496
865046510240645124
865016644715917314
865061090421465089
864481884880871424
865180212090163200
865099904766443520
864867132122836998
865154790837280769
865498404192796677
864514825992327168
864436805256478720
864468495064498176
864432976536506369
865480153266176005
864819805332938752
864870498512928773
864443905907073028
864869750081556480
864884998247198725
864536881362501633
865056256247173121
865460387000471555
865180060117905408
864442704511606785
864864512502939648
865097091365863424
864542439889154048
865237270164418560
864525924133466112
865658292261007360
864465379762032640
865531949695115266
864456238716923904
864692087568048128
864869222031249408
865488260545499136
865511356996345856
864699057985515520
865591808633577473
864682693954609153
864898909969063936
864886182240546816
864723058766032896
864436149468704768
864542416682070017
865566017505906688
865162536009826304
865161355858501632
864683429618630656
865029513406693377
865159155967041536
865260891448590336
864747309497696261
864514692877660161
864785231315963906
864465275156140032
864719176774160387
865029707380674560
864527287156436992
865180479640682496
864868268049408000
865390428127768576
864577289652023296
864505709253218304
864443152207368193
865246196968771584
865061436078161922
864840459784380417
864830311909265408
865471276814524416
865195226830434305
865186643497566210
864908125958062081
864778100193845248
864467626017345540
864867903023271938
865598502738571265
864445640784437248
865537918319837185
864547704453705728
865199619210268672
864449358967820288
864823862986330114
865186477638000640
865457641979494400
864797713845694464
865618288809697280
864797658963169280
864708918282465280
864519700008587265
864441354142838784
865704824104525828
864819695773523968
864736007572279296
864809410400595975
864615059120672768
865621211010678784
864470236350861312
864473384926588929
864939776323051524
864465671064887296
865636331803754496
864453810743148546
864436508547264513
865158842094501888
865180230788370432
864905598508216320
864503103948640258
865226782299090945
865648166552485888
864501410506854400
865186384755138560
864654978111221760
864465294663831552
865181450836029440
864735462602096640
864730508663676928
865269066491076608
864465706028552192
865186407651856389
865497658290348032
864874958421467137
864459005997064192
864873235384369152
865178503108481024
864817326595555328
865770828998164481
865391486270980098
864683398207389696
864468057342832642
865178489162354688
865636222139473921
864873221421547524
864714940543713280
865470676353794049
864465138149142528
864718772128665604
865227003892441088
864434032972529665
864541547718520832
864733319937667072
865205611893358592
865588435611824129
864498718594281472
864465730120671232
864857044536381441
865390473338208257
865618814918049792
864683780233089024
864716655565385728
864522915261415425
865104890519007232
865173864388583424
865505021042900993
865090637980254208
865175253080838145
864685996264218624
864952663372443650
864793763729874944
864441277307334656
865231786472878080
864796768877383680
864864946273660928
864504122975764480
865042941626023936
864505909476810752
865490932841369600
864868345539174400
864735911774306305
865226386339909632
865213442264776705
864438818614771713
865467314006667268
865217602901073921
864492959462326272
865105691790393344
865621195307098112
864554947744083968
865193889141051394
865488710128738304
865128834361769984
864864418487607296
864768241343713280
865523071045705729
864833721282711557
864739290630246400
865579796666884096
865180097866645504
864698252641415169
865530239694155777
865472047383584771
864464990648098816
864685401998594048
865218030887817216
864730199237308420
864533882527526916
865525289782091777
865060004331761665
865251642068697090
865158463839711232
864451823666462720
864504674413629440
865252194601189377
864466364735651841
864568081552506880
865124608336199681
865069612861280257
864727190931374080
865104266112978944
864465013372858369
864725183919214593
864738877734436864
864553313030868992
864614748528287745
864798130545491969
864723940228440065
864869476067667970
864815473589800961
865429999477706753
864456064166744064
865090312280068096
864457574871117824
864467046037422080
864730445195476992
864451339572715520
865160292698906624
865029444116791297
864798186887577601
864625624870133761
864884312428208128
864899001828741121
864868597612544001
864467522946510848
865170115481948162
865419632571588608
864567617759182848
864438532831670272
864868614763159552
864446733652299777
865607469703344128
864533873216172032
864800696138420224
864488828509102080
864709354574032896
865723756894990340
865211920852303872
865158670652289028
864864499412615168
864760094730465280
864499087369961474
864465454949171200
865429387272781824
864438557699706880
865220004068839425
864696891992408065
865187775284465665
864681956058910722
864503249121890304
864468028230172672
864898438294626305
865157087202037761
865412447213035521
865497636719087617
864657164102582274
865618449778696194
864542171327864833
864437768679821312
865455207907344384
864828184038170624
864859399164235781
864886969154899968
865144002009366528
865158650897158152
864702805319098369
864772707581296640
864468291292725250
865538271165636610
864859272601112577
864756329839083520
864500459289141249
865624232050348033
864775084048871428
864676596711665664
865253181151780864
864441394592714752
864749712825626624
864876779223212032
865685232384716800
865545268430725121
865587541503864832
865142635467493376
865128448649445377
864887684824788993
864646954877423616
864874541935407104
864537488882253824
864959424506540032
864449089353785344
864469300928761856
865636303412449280
864796341238730753
864769578840096769
864869847439736832
865186119129944064
864440996888813568
864466429407633414
865188272607174658
865070242975723520
864802333259124736
864523873005563907
864610156947963906
864699342254419968
864468045967872000
865179805947379712
864775868966621184
864527899566764032
864886804591390721
864742679296569345
864469722150182914
865636394005221380
864545181843857408
865515057853022215
865229518096789504
865247999064199168
864807475521794048
864690926173569024
864892480029769728
865604419278315520
864444470837862400
864819086475374592
864642774569582592
865723128122671104
865478223240454144
865648240888168448
864444490458824706
865152759208849408
864789844077268996
864505882134106112
864730410688950273
864503063121244162
865252872572649472
865157041802891264
864461050971815937
865310509624475648
865591502604554241
865489276221374464
865495626850500608
865464985425592320
865423042201108480
864505799988592641
865096040793419777
864507556877787136
864481129100963840
865528184766210048
865479698108764162
864825009684041729
865497678016151554
864648765382287360
864868491425394690
865246963649753088
865761780848615424
864868386878173184
864718786636783616
865095924309250048
864497771226726400
865620646050406400
865069644876464128
864652088332214274
865475799931015168
865193794395877376
865186626309193728
865422331140755459
864465367716044803
865157118365769728
865525357465575425
864822402680840192
865247509349847040
864468484956270592
865537704049627138
864465148962013184
865036219477966848
865250991624470529
864467954666266625
865441444227465216
864443802077081604
864861418062925824
865179569728479233
864542845503381504
864506671758008323
865402510965526528
865157525636820993
865618025302458369
865209948002799616
864695884751163393
864730718353711104
865246816647892993
864465633429344256
864466519245410304
865466181955665922
865454755044139009
864898594083614720
864828342096113664
864465253660282880
865156855143833600
864490927963942914
865234441790160896
864879443038265344
865674736763797505
864868363780198405
864875205163753472
864446519960899584
865465834776387586
864449717593362433
865141503605313537
864732705182949376
864453730359328768
864925914701889536
865387373705691137
864467499877883904
864467515782701056
864685980892020736
864523169033474048
864449843347038208
864763236549144576
865771012402495488
865532113856077825
865382514604601345
864925955890053124
865488475574779909
865098609993187328
864433309832667136
864451051679760385
864797629888245760
864465468320600065
865251745340850176
864937210214326277
865591527296217088
865539509101907968
864848067371126784
865211073170821120
864456216696807426
865621225040510976
865174197009436672
865103271186354177
865090267774197764
864763391348424706
865174834124210176
864468814381150208
864898982522232832
865104193870331904
864438800742834176
864686088316518400
864436131349368832
864688640869511168
864522928670552064
865030830942507008
864467568203108354
865157201933086720
864465032138117121
864526027376152576
864868779292938240
865468217594060800
865181098250317826
865366960434954240
864631389555232773
865525372057559043
865256146524815360
864729924543930368
864445788562178048
864939891494457344
864444442622799872
864472415337816066
864447889355022336
865180042413735937
865089349351636992
864499090322628610
864782990684987392
864667464843628545
864886171913961472
865189777473118208
865621442737561600
864468624769261569
864465220730843137
864432749943435266
864809526524039169
865456818360786945
865483921948946432
864465100735991809
864465405246570496
865580252675932160
864568746312171520
864465443075084288
864869724185907205
864614702286065664
865630326487269376
864545824830652416
864835647797841920
865047281325678592
864545143801643008
864507804425519105
864697194854723584
864874556707811328
865458618321182720
864888781878546432
865723021495066624
865036601654624265
864886984308817920
865614589307834369
865026311219183616
865057248980029442
865315955714523137
864831628618506241
865184780513456132
865575638601740288
864886909788717056
864541818519601152
864673260390105089
865631018140680192
864662248807157761
864462393564200960
865512662209183747
864434444274475008
865132575102164992
864433506591674368
864498177621282819
864868422957531136
864866781600415745
865762564050780160
865477623266156548
864684428752277505
865532066615525376
864880482751844352
865267748733042688
865318007517593601
864618428962922496
864439626697715712
865468050463535104
864472923544756224
864465747493494786
864505919551524864
865253094661144584
865033941408817152
864647696996597760
864868519510503424
865156080011284481
864688374270918656
865218567054123008
864730498635091969
864650762059743232
864809341802737664
865387830075310080
865457479395622912
864618374382460928
864794044299444225
865617251549929473
864816294318755840
865159190834237440
864447711147433984
864816264442773504
865092663678251008
864848077114441728
864434325533622272
864673757243244545
865497465687912448
864465356550754304
865115116672618497
865159698005282816
864456257935212544
864619670028115968
864900296887066624
864543755982041089
864901322448879616
864512370814668800
865252091505201152
865181407332769792
864445230841552897
865199468362313728
864792100130275328
864436517011415040
864730322390351872
864810386373001216
864804682287415298
865252901874159617
864793879173885952
864473016280809472
865246540931022848
864735951951601664
865568468959084545
865224781192347648
864542310926876672
864683553732403200
865162245722042368
864717753667682305
864448370785517568
864872263325294592
864551228964978688
864741986531717120
864879157515231232
864886900372492288
865387895393206272
864755190167027712
864686215286538240
864673865292795904
864456209121890306
864467527950368769
864446022499672064
865407104193933315
864519975683461120
865159845007196160
864739548978438144
865631003410288640
865026421948854275
864886390818865153
864898906986958849
865465269799362561
865391927411200002
864680543849398272
864864686562459649
864642336097058816
865621150612705281
865679968356909056
864467910236000257
865157137277882368
864432815148019712
864985198345289728
865489305778626564
864748320681537536
865531042421121024
865478342941712385
864865422633578497
864848301866266625
864437143908868096
865249615162990592
864654795617034241
864542368384659457
864692067695341568
864735634182684672
864625976399081473
864730424442052608
865156837066330112
865181269344301056
865273579725770752
864848262011944960
864859234592337921
864536451689697283
864507023077113856
865115127565230080
864543816207843328
865403014697205762
865413174228549632
865250599314481152
864456138540167169
864650604626534400
864730393110511616
864467981534982144
865086303993450496
865475570892627969
864433500774072322
864823805360848897
865471752742223872
865398751694925824
864674131677204482
864868453743820800
865621467014193152
864881217660833792
865470573371039744
865063518067982336
864524639229366273
865226740544806913
864885621898199040
864794485015756800
865466903606710272
864869521051361280
864507622501883904
864650824831598592
865509691605999620
865471269612863488
864498767172685824
865188210929844224
865162156374929408
864868565576552448
865467137871052801
864467715821588480
864868949933957120
865186081003769856
865389142359719936
865138418107506688
864523323329331200
864537268173717505
865497368203976704
864730584790298625
865621322226819076
864685953486430208
865194076454498304
864788964548464640
864446279211859968
864467536750022656
864538288648065024
864499877929201664
865585162062450688
864794951489536001
865251950710759424
864502227309907968
864617162656423936
864433593040424961
864872532196732928
864859941785481216
865202645140516866
864451228993847296
864551294245064704
865387717349093376
865620592044539904
865723265012162560
864705541389467649
864673828257050624
864504226965110784
865219005715324931
864796355037933568
865474790655614979
865386116358168577
864468002896572417
864702763246133248
865451429422481409
864755423529676800
864444468723949569
864868996906078213
864753898908598273
864869206940160001
865011956813398016
864465331573620736
865203779523796992
864617128464461825
865069493948628992
864844981634297856
865746452047417344
864684719069421568
864432525145518080
864848482452086784
865160648300351488
865203173916585986
864673798993432579
864501438960910336
864433288223621121
864534000915951616
864465430727077888
864841850435158016
864758868148199424
865617990758219776
864457069306445824
865193824230002688
864879226771603456
865179835735302150
864619708514844672
864886332824342528
864713299950133248
865034968157700097
864742761370669057
864465238816694272
864527997025439744
865088661343174660
865247980194078720
865497602795552768
864866211913318400
865055954412462080
864437717714731009
865412031121309697
865723702171840513
864866624393814017
865252149739094016
864725792873381889
864465165269577728
865607773001613313
865150765408690176
865226374050496512
864467001741332484
864465658918166528
865591046067044353
865466896388313088
865141313393618945
864695080065609728
865055978768781312
864830536723902466
864681930838507520
864649738821435392
865211238208249858
865000034818899972
864792122435682304
864721290732744704
864725783742480384
865157712493121536
864730700880203781
864989323665563648
865609531841171456
864479255790469120
864784302713831424
864465068523749376
864925605300666368
865141861945491456
865630180772945921
864691971176124416
864505787011485696
864864654849318912
864730014759124993
864489649552719872
864443883597561861
864900791957569536
864543841159962624
864435245814349824
864464966472151041
864820249270644742
865172405571825664
865260659101118464
865158828660330496
864551127013965824
864436783030947840
864444651767566336
864848018390036480
864447940181577729
864859325172416514
865210234943426563
864456180890030080
865449108940627969
865252102322376704
864540730936541185
864453297955979265
864513324356182017
865273490999353349
864468593664286720
864456024031449089
865489247968477185
864542148451909632
864726813645438976
864925879641702400
864577314805252096
864902442235965440
864481895236620288
864467699774230528
864683448723570689
865229953327091713
864868503261769732
864465079093391360
865618008630153216
865029625394503680
864465718548586496
864867955414368256
865460896998367233
865624557561839616
865387492538634240
865028516487811075
864446780896931840
864868655443718144
865179960406822912
864435214285778944
864648174488760320
865058445229215744
865629331426426885
864794061957410817
864868435267911680
865581321644527617
865595325439987712
864542393722425344
865111842682810368
864538546367025152
865598201784553472
864468117522665472
865392206135218176
864818969328406528
865059879114997760
864776042069622784
865723632055705600
864827510126718978
864617083568574466
865403463995334656
864467942582439936
865157562773143553
864884084715212801
865199524662321155
864806582407708672
865310690579316736
864545111342018563
865408788446060545
865105754478399488
864810520418729984
864499497111629825
864569683449716737
865248199069622272
864823907525722112
865157180013633536
864878894612086786
865155231654363138
864686335415664640
865266336674533377
864445617132761090
864886911047020545
864524062709690368
864437254332194816
864456407231471618
864859279555256321
864886164951629824
864448356034236416
864884505458352128
864699026179997696
864837485750349824
865186040633491457
865387227001507840
864736069014528000
865596447210651648
864446160622297088
864650647307735040
865248183814955009
865458384400666625
864444814569484289
864513055740354560
864468537972273152
865497357437108224
864825400618356736
865504319130312705
865431681796259840
864468019271139328
864518983831228416
864468242357792768
864881157661315072
865259496528130049
864836258312466432
865059945171046400
865597391080009729
864527367284432897
864541528122769408
864840216518901760
864544464068640768
864468221918928897
865740990723768320
864730644521377794
865084278669029376
864848265170132992
864436536951148544
864859318558044160
865273526172831744
864730224809971712
864481797740036096
864822715345117184
864875909685190656
864820283315802113
864462428570099712
865114943737126912
865034912566345728
864859642572267520
864512628353187840
865502014809055232
865105892877848578
865161451828281344
864527000022732801
864840546879242240
865226713973837824
864822714841800704
864788938363457536
865501233062100993
865577429749780482
864673767859081216
864433184381038592
865616780626075649
864443141822308352
864880523075891201
864797933337796608
864606678301511680
864846156014268416
864794518591229952
864720919989633024
865387462121496576
864674304985792512
864864833786728449
865159140360036352
865498025526874113
865532044431863809
865014393955901440
865746480619032580
865465691637334016
865525167052603392
865252953254281217
864466375712092160
865532079332708352
864858482301964288
865495485850599425
864867519114485760
864878911607459841
864485732865503232
864868735814963200
865037656962379776
865180405577547776
865100600748498944
865143919176163329
864467615095427072
865387844923150336
864994005100220418
864467557503438848
864491367967465472
864673879352111104
864851646785888256
864466408159293441
864505340393607169
865387681814945792
865599025889685504
864465156964831232
864855966289993729
864777077035106305
865576137820426240
864499971638349825
865535814293258240
864681942586753024
864856444255969280
865246702743068672
865570988905209856
865084566532435968
865249500956246016
865461484758814722
864823990463811584
864465644389117952
864491113041678337
864746734039248896
864511763588501504
865210400798900225
864879001143091200
865461802242416640
865597219931430913
865764562192154625
864476276957954048
864884437397381120
865035259707965440
864782926541504513
864533357895577601
865368107325550593
864441793831718912
864564045801693184
864860436314734592
865138662727725056
865213279873884164
865141444138455041
865168152497274881
864925548228857857
864916104124157952
864884539104960512
865162086095224832
864848476429045763
864874886384189440
864892454700437505
864500922017132544
864466480703909889
864712138471882752
864875267893772288
864503059304464386
864817602564046848
864465342143356928
865160915552960512
864833787989045249
865057165006041089
865037678487650304
864502628704817152
864505458123358210
865095009963528192
865197798924337152
865410997967704065
865630525280600064
865158973162307584
865592969264365568
865091035180875777
864465386128977927
864448158050516992
865084527475032064
864500014881624065
864468515587313664
865598277315682304
864443164450574336
864698308987670528
864818626129534977
865140298841808897
865212104529240064
865418773112606720
865409186997325825
864468895054401537
865153476300595200
864758857708572672
865487150430605313
864692051337633792
864465609266012160
864650455409938432
865233663251816449
865251288727945217
865248308121546754
864796684467011584
865249951718064129
864818640880885761
865089396864761856
864446395700391936
865077296633442304
864465391824850944
864468834526388224
864909522531270656
864868487143018496
864444880042561536
864674436632506369
865510846515953664
864736463014854656
864434998161453056
865185830419038208
864435683703828480
864781704514240512
864606590237908995
864496905685946369
864496855903748096
864546309163950080
865180172114214913
864817931665985536
864513683824816129
864468072316448768
864683351940096003
865117722736250880
864434350091317248
864787279973203968
865531912269422593
864775129515134976
864465183816777728
865409121264193537
864445242757574656
864730816680734720
