865014393955901440
865025930611359744
865026311219183616
865031388541706242
865033941408817152
865034912566345728
865036219477966848
865038245700149252
865042941626023936
865046510240645124
865046970389245952
865058445229215744
865061090421465089
865066148139683840
865071121871257600
865078471965278208
865084266413248512
865084527475032064
865084566532435968
865088614203408384
865089349351636992
865090267774197764
865090637980254208
865090987818835969
865095924309250048
865097091365863424
865098609993187328
865099904766443520
865127380997754880
865140298841808897
865141444138455041
865150765408690176
865152072001441792
865152759208849408
865153476300595200
865155224721346560
865168152497274881
865170115481948162
865172405571825664
865173864388583424
865174834124210176
865178489162354688
865179657150226436
865179835735302150
865179942841077764
865179960406822912
865179984272347137
865180024013373444
865180042413735937
865180060117905408
865180080204521472
865180097866645504
865180153093120001
865180172114214913
865180212090163200
865180230788370432
865180279744241664
865180370366472192
865180405577547776
865180479640682496
865187775284465665
865188785847279616
865194076454498304
865194202774241281
865195226830434305
865197714568433664
865198915955548164
865199524662321155
865203779523796992
865210192346046466
865211073170821120
865211238208249858
865211784059174912
865224781192347648
865226740544806913
865229375540781056
865229518096789504
865231786472878080
865233504912592896
865248308121546754
865250599314481152
865251950710759424
865252091505201152
865252149739094016
865253167037992965
865254016577544192
865255939791663104
865256146524815360
865267614867759104
865269066491076608
865315955714523137
865318007517593601
865386116358168577
865387554144747520
865390473338208257
865390852864065536
865391486270980098
865392141849174018
865392206135218176
865395131863638017
865402481710309380
865403463995334656
865407104193933315
865408183694639104
865412031121309697
865423011356200960
865429323473313792
865452459002445825
865454029064687616
865455207907344384
865455289092395008
865456818360786945
865463845266923520
865468680615845888
865475799931015168
865488475574779909
865488710128738304
865495073743486976
865504319130312705
865530791735853057
865537918319837185
865539509101907968
865566017505906688
865568468959084545
865575638601740288
865577429749780482
865591492613734400
865591502604554241
865594090431201280
865596148140179457
865596163881304066
865598923255271424
865604419278315520
865613990285766656
865617461797806080
