865025930611359744
865026311219183616
865033941408817152
865034912566345728
865036219477966848
865038245700149252
865046510240645124
865046970389245952
865061090421465089
865084527475032064
865084566532435968
865088614203408384
865089349351636992
865090267774197764
865090637980254208
865090987818835969
865095924309250048
865097091365863424
865098609993187328
865099904766443520
865127380997754880
865140298841808897
865153476300595200
865168152497274881
865170115481948162
865172405571825664
865173864388583424
865174834124210176
865178489162354688
865179835735302150
865179960406822912
865180024013373444
865180042413735937
865180153093120001
865180172114214913
865180370366472192
865187775284465665
865194076454498304
865195226830434305
865197714568433664
865198915955548164
865199524662321155
865203779523796992
865210192346046466
865211238208249858
865211784059174912
865224781192347648
865226740544806913
865231786472878080
865248308121546754
865250599314481152
865251950710759424
865252091505201152
865315955714523137
865318007517593601
865387554144747520
865390473338208257
865390852864065536
865391486270980098
865392141849174018
865392206135218176
865395131863638017
865402481710309380
865412031121309697
865423011356200960
865452459002445825
865455207907344384
865455289092395008
865463845266923520
865468680615845888
865475799931015168
865488475574779909
865488710128738304
865495073743486976
865530791735853057
865539509101907968
865577429749780482
865591502604554241
865594090431201280
865596163881304066
