866855621961887744
866869886328463361
866870088481296384
866875185999343616
866880080789856256
866892848972652548
866902888718581760
866920708378509312
866954450845319168
866979375329271809
867001978726998017
867013103157903360
867030858137350144
867037773030506496
867042337742041088
867045451685605380
867061341005262848
867069524847329280
867076100702302208
867078684452290562
867078822595891202
867078917940809729
867078968993820673
867079350155436032
867079394468253696
867079409261531137
867079436486815744
867079466933243905
867079500495978499
867079522029535233
867079574995292160
867079684479209472
867079717916217344
867186642913808385
867199592902864896
867217672584314880
867218637001809920
867219209805209600
867219294257655808
867225851812773889
867228761581899776
867239785898934273
867239953247416320
867249795815047168
867256007977820161
867276268500164608
867281443365441537
867281625406623745
867289204450918400
867296595737530368
867313436782407680
867315135265726464
867322275766427648
867323009685753860
867355688594550784
867367394523721733
867367951116021760
867384313230249988
867385645756448768
867386591483973633
867386834841722880
867386836959866885
867387043764207616
867387996898832384
867388638589587456
867392605201473536
867395402747609089
867422450820276225
867427411838873600
867429827892170753
867429846888177665
867589148693147649
867614422948134912
867622127360516097
867625824756871168
867628254844207105
867641364292313088
867650629707079680
867650786339110912
867650899367182336
867664747168243712
867664813480185856
867671890709663744
867699431054995457
867752851778318336
867756916310556672
867763355024592896
867769782971584512
867771864298516480
867775051273252864
867788635289997313
867791002496626689
867794413027606528
867795771176792064
867800569276014592
867802758220582912
867807677702852608
867811016008007680
867824281291554816
867872673640087553
867905282256637955
867905574003986432
867905813893062656
867905921602768896
867906302869155845
867906357042851840
867928416879878144
867935977226022912
867951826020126721
867954226500177920
867956630188576768
867956934875521024
867963039785533440
867979131408994304
868014518244343808
868025071016624128
868025193368764416
868033384789884928
868033531783426048
868040725111291905
868049845701017600
868050008641351680
868050341715161091
868059898830913536
868059929520644097
868063507421515777
868064990158360576
868065331368960001
868077025499762688
868077388596297728
868081881727848448
868081916305690626
868086139470655488
868086151575371776
868087237744918528
868087979910344704
868090644987879425
868090698922430464
868090788701511680
868090807693324288
868123499516248064
868123852290654209
868124433789014016
868124515716354049
868124534469087233
868157573727346688
868160351677759488
868160393125937152
868163670685097984
868165533119660032
868171534602387457
868251980589694976
868252289043230720
868288297558196224
868302195648864256
868302306520989696
868302367644676096
868302447550353409
868302595969961984
868335994520522753
868336266009493504
868359055554641920
868359074630344704
868370976517521408
868370991810043905
868371018645217280
868383655760211968
868387022003724289
868389149073604609
868393248741634048
868393295688466432
868399472048459777
868430633852391427
868430663896248320
868439918854500353
868440494967107585
868445465993519104
868449923657850880
868451323594776576
868451643989348352
868452957737668609
868452992172904448
868453311363657728
868454539803770880
868455706059563009
868455722023100416
868455748162007046
868455804441161728
868455826943598592
868471975349551104
868478845644455940
868484968342851584
868485718120607744
868508594915860482
868508797555232768
868508948780916736
868509004565065728
868509014040104960
868509023120703488
868509039285608448
868509103596883969
868509170290401280
868523682464911361
868630802917195776
868637137058619392
868642968739209216
868660469082574848
868671585133240321
868674416196157440
868676826847219712
868678298808848384
868686069050597376
868692167207911424
868692253266595840
868715876173795328
868717527068581888
868720953131487232
868721201040035840
868722029700145152
868725761536008192
868730826699272194
868732282110001152
868733224582828032
868742870311817217
868742893133058049
868742955871481856
868770212262416385
868773875571732480
868774031486570499
868774150780932096
868795793687232512
868804964608507904
868812421359652865
868812433888088064
868812508974501888
868813666673676288
868817420709974020
868818624231985154
868818852662083584
868818899172810752
868819008711254018
868840288000913410
868843749966835712
868844304705433600
868847856664403968
868864612527218689
868866669736636416
868868423714983936
868897623423537152
868897647972712448
868897666578698240
868897692600193024
868960566651564032
869001390147895296
869007489563590657
869047291025408004
869053029256790017
869053463304339456
869066950814703616
869067272266162176
869067899864068096
869068352190382080
869068376332791809
869070399845400576
869072027801583616
869074223637057536
869078221006004225
869112647572111360
869119796968701952
869121842690306048
869122253862060033
869138030971559936
869181601653157888
869188919660756992
869188952241995776
869189053282885632
869189298301444096
869189342694064130
869189525423181824
869300321041866752
869351206455451648
869365078096699392
869372323815710720
869372807477694464
869373040206983172
869386322502406145
869401591316529153
869409206855532544
869470504385753088
869471908751966209
869498630402707458
869533549946220544
869563621608574976
869742734231322624
869781256602628096
869782340960231425
869782361143222272
869826206304227328
869826216857145344
869826228949221377
869826242228498433
869832194318925825
869859049596227586
869867498904092673
869895312961400833
869937859322462209
869940241121120256
869940257311129600
869940859957121024
870105121752981504
870117608489717760
870168646181568512
870188615833444352
870191484128997377
870277397311922176
