866855621961887744
866875185999343616
866880080789856256
866902888718581760
866954450845319168
867013103157903360
867030858137350144
867042337742041088
867045451685605380
867076100702302208
867078917940809729
867078968993820673
867079350155436032
867079394468253696
867079436486815744
867079466933243905
867079500495978499
867079522029535233
867079684479209472
867079717916217344
867186642913808385
867199592902864896
867218637001809920
867219209805209600
867219294257655808
867225851812773889
867239953247416320
867256007977820161
867276268500164608
867281443365441537
867281625406623745
867289204450918400
867296595737530368
867315135265726464
867322275766427648
867323009685753860
867355688594550784
867384313230249988
867386591483973633
867386834841722880
867386836959866885
867387043764207616
867388638589587456
867392605201473536
867422450820276225
867429827892170753
867429846888177665
867589148693147649
867622127360516097
867628254844207105
867641364292313088
867664747168243712
867664813480185856
867671890709663744
867699431054995457
867756916310556672
867771864298516480
867795771176792064
867811016008007680
867905282256637955
867905574003986432
867905813893062656
867905921602768896
867906302869155845
867906357042851840
867928416879878144
867951826020126721
867954226500177920
867979131408994304
868025071016624128
868033531783426048
868050008641351680
868059929520644097
868064990158360576
868065331368960001
868077025499762688
868077388596297728
868081916305690626
868086139470655488
868086151575371776
868090788701511680
868090807693324288
868123499516248064
868124433789014016
868124515716354049
868124534469087233
868157573727346688
868163670685097984
868165533119660032
868302447550353409
868302595969961984
868335994520522753
868336266009493504
868370976517521408
868370991810043905
868371018645217280
868383655760211968
868387022003724289
868389149073604609
868393295688466432
868399472048459777
868430663896248320
868439918854500353
868440494967107585
868445465993519104
868451323594776576
868452992172904448
868453311363657728
868454539803770880
868455722023100416
868455748162007046
868455804441161728
868478845644455940
868484968342851584
868485718120607744
868509004565065728
868509039285608448
868509170290401280
868637137058619392
868660469082574848
868671585133240321
868676826847219712
868678298808848384
868686069050597376
868692167207911424
868717527068581888
868720953131487232
868721201040035840
868725761536008192
868732282110001152
868733224582828032
868742870311817217
868742893133058049
868742955871481856
868773875571732480
868774031486570499
868774150780932096
868795793687232512
868804964608507904
868812421359652865
868812433888088064
868812508974501888
868813666673676288
868817420709974020
868818624231985154
868818899172810752
868819008711254018
868840288000913410
868843749966835712
868866669736636416
868868423714983936
868897623423537152
868897647972712448
868897666578698240
868960566651564032
869047291025408004
869066950814703616
869067272266162176
869067899864068096
869070399845400576
869072027801583616
869074223637057536
869112647572111360
869121842690306048
869138030971559936
869188919660756992
869188952241995776
869189053282885632
869189298301444096
869189342694064130
869189525423181824
869300321041866752
869351206455451648
869365078096699392
869372323815710720
869373040206983172
869386322502406145
869409206855532544
869533549946220544
869742734231322624
869781256602628096
869782340960231425
869826206304227328
869832194318925825
869867498904092673
869895312961400833
869937859322462209
869940859957121024
870105121752981504
870168646181568512
